310.00	0.065295487642288
311.00	0.06835925579071
312.00	0.068507000803947
313.00	0.069463454186916
314.00	0.07139191031456
315.00	0.073506996035576
316.00	0.075342148542404
317.00	0.076259717345238
318.00	0.077993780374527
319.00	0.079393468797207
320.00	0.081415243446827
321.00	0.083203732967377
322.00	0.086003109812737
323.00	0.088258162140846
324.00	0.091912910342216
325.00	0.094556763768196
326.00	0.096034213900566
327.00	0.097356140613556
328.00	0.099066875874996
329.00	0.099844478070736
330.00	0.10015551745892
331.00	0.098600313067436
332.00	0.096034213900566
333.00	0.094167962670326
334.00	0.090902023017406
335.00	0.087947122752666
336.00	0.085692070424557
337.00	0.080715395510197
338.00	0.077083982527256
339.00	0.074945569038391
340.00	0.071057543158531
341.00	0.067651629447937
342.00	0.062993779778481
343.00	0.05972783640027
344.00	0.056104198098183
345.00	0.052931569516659
346.00	0.050723172724247
347.00	0.048211507499218
348.00	0.045155521482229
349.00	0.043615862727165
350.00	0.040684290230274
351.00	0.037830483168364
352.00	0.035878695547581
353.00	0.033810265362263
354.00	0.03193623572588
355.00	0.029976671561599
356.00	0.028063764795661
357.00	0.025956453755498
358.00	0.024354588240385
359.00	0.023040434345603
360.00	0.021306376904249
361.00	0.01980559900403
362.00	0.018335925415158
363.00	0.016881804913282
364.00	0.015816485509276
365.00	0.014370139688253
366.00	0.013880249112844
367.00	0.012830481864512
368.00	0.012115086428821
369.00	0.011461896821856
370.00	0.010692068375647
371.00	0.0096267499029636
372.00	0.0090202176943421
373.00	0.0086625190451741
374.00	0.0076267500407994
375.00	0.0071671851910651
376.00	0.006581649184227
377.00	0.0060552097856998
378.00	0.0055832038633525
379.00	0.0048833591863513
380.00	0.0045023327693343
381.00	0.0042006219737232
382.00	0.0036788489669561
383.00	0.0032814929727465
384.00	0.0033429239410907
385.00	0.0033553650137037
386.00	0.002948678098619
387.00	0.0029020220972598
388.00	0.0026811819989234
389.00	0.002640746999532
390.00	0.0029782271012664
391.00	0.0026057539507747
392.00	0.0026640750002116
393.00	0.0028024879284203
394.00	0.0027130639646202
395.00	0.0028600310906768
396.00	0.0026640750002116
397.00	0.0025241060648113
398.00	0.0027884910814464
399.00	0.002719284966588
400.00	0.0031376359984279
401.00	0.002895801095292
402.00	0.0030925350729376
403.00	0.0032721620518714
404.00	0.0034650079905987
405.00	0.0033919129054993
406.00	0.0038087090943009
407.00	0.0037807149346918
408.00	0.0037340589333326
409.00	0.0039269048720598
410.00	0.0038833590224385
411.00	0.004431570880115
412.00	0.0041080871596932
413.00	0.0044797821901739
414.00	0.0049370140768588
415.00	0.0045979782007635
416.00	0.0050427680835128
417.00	0.0052566099911928
418.00	0.0057838261127472
419.00	0.0058685848489404
420.00	0.0059914458543062
421.00	0.0064199068583548
422.00	0.0066695180721581
423.00	0.0070023331791162
424.00	0.0073335929773748
425.00	0.0075124418362975
426.00	0.0079082427546382
427.00	0.0084681175649166
428.00	0.0090435463935137
429.00	0.0098444791510701
430.00	0.010171072557569
431.00	0.010878694243729
432.00	0.011384136974812
433.00	0.012091756798327
434.00	0.01244167983532
435.00	0.013437014073133
436.00	0.01416796259582
437.00	0.014891134575009
438.00	0.015948677435517
439.00	0.016959564760327
440.00	0.017923794686794
441.00	0.018724728375673
442.00	0.019937792792916
443.00	0.021314151585102
444.00	0.022480560466647
445.00	0.024517884477973
446.00	0.025575427338481
447.00	0.026874028146267
448.00	0.028514774516225
449.00	0.029354587197304
450.00	0.032270606607199
451.00	0.032853808254004
452.00	0.035155519843102
453.00	0.036897357553244
454.00	0.039401244372129
455.00	0.040124416351318
456.00	0.042247276753187
457.00	0.044758941978216
458.00	0.046772938221693
459.00	0.049587868154049
460.00	0.051640745252371
461.00	0.055528771132231
462.00	0.057534992694855
463.00	0.060225505381823
464.00	0.063802488148212
465.00	0.066920682787895
466.00	0.070800930261612
467.00	0.075342148542404
468.00	0.078382581472397
469.00	0.082192845642567
470.00	0.086391910910606
471.00	0.090513221919537
472.00	0.094945564866066
473.00	0.10163296759129
474.00	0.10544323176146
475.00	0.10847589373589
476.00	0.11368584632874
477.00	0.11858475953341
478.00	0.12387247383595
479.00	0.12884914875031
480.00	0.13320372998714
481.00	0.13748055696487
482.00	0.14245723187923
483.00	0.14650078117847
484.00	0.15046656131744
485.00	0.15824261307716
486.00	0.16353031992912
487.00	0.1705287694931
488.00	0.17822706699371
489.00	0.18740279972553
490.00	0.19611197710037
491.00	0.20536547899246
492.00	0.21679626405239
493.00	0.22783826291561
494.00	0.23825816810131
495.00	0.25155520439148
496.00	0.26874026656151
497.00	0.28413686156273
498.00	0.30046656727791
499.00	0.31998443603516
500.00	0.34020218253136
501.00	0.36166408658028
502.00	0.37970450520515
503.00	0.40007776021957
504.00	0.41811820864677
505.00	0.43608087301254
506.00	0.45513218641281
507.00	0.47161743044853
508.00	0.48584759235382
509.00	0.49828925728798
510.00	0.50925350189209
511.00	0.51345258951187
512.00	0.52115082740784
513.00	0.51905131340027
514.00	0.52239501476288
515.00	0.52325040102005
516.00	0.51788491010666
517.00	0.51656299829483
518.00	0.51034212112427
519.00	0.504354596138
520.00	0.50233280658722
521.00	0.50085538625717
522.00	0.497822701931
523.00	0.49626749753952
524.00	0.49961119890213
525.00	0.50513219833374
526.00	0.50699841976166
527.00	0.51765161752701
528.00	0.52542769908905
529.00	0.53576982021332
530.00	0.55248832702637
531.00	0.5668740272522
532.00	0.5881804227829
533.00	0.6090202331543
534.00	0.63304823637009
535.00	0.66026437282562
536.00	0.69043546915054
537.00	0.7204509973526
538.00	0.75373250246048
539.00	0.78771382570267
540.00	0.82503885030746
541.00	0.85925352573395
542.00	0.89191293716431
543.00	0.92534995079041
544.00	0.95023328065872
545.00	0.9743390083313
546.00	0.989113509655
547.00	0.99688959121704
548.00	1
549.00	0.99144631624222
550.00	0.9743390083313
551.00	0.94867807626724
552.00	0.9144634604454
553.00	0.86858475208282
554.00	0.81804043054581
555.00	0.76220840215683
556.00	0.70318818092346
557.00	0.64409017562866
558.00	0.58740282058716
559.00	0.52768272161484
560.00	0.46835148334503
561.00	0.41329705715179
562.00	0.36516329646111
563.00	0.31827372312546
564.00	0.27418351173401
565.00	0.23662519454956
566.00	0.20295490324497
567.00	0.17550544440746
568.00	0.14992223680019
569.00	0.12822705507278
570.00	0.10870917886496
571.00	0.092379473149776
572.00	0.078460343182087
573.00	0.066687405109406
574.00	0.056648522615433
575.00	0.04762052744627
576.00	0.041150856763124
577.00	0.034805599600077
578.00	0.029968896880746
579.00	0.025528771802783
580.00	0.022052876651287
