wl,abs,wl,em,Data copyright Molecular Probes
250,55.70766174,375,0.3099814
251,54.50651358,376,0.3761108
252,53.61890042,377,0.4387959
253,53.17288585,378,0.4436179
254,53.55266063,379,0.4436179
255,53.66306028,380,0.4753048
256,54.55950541,381,0.6085968
257,55.22631928,382,0.6726596
258,56.07418856,383,0.7604877
259,57.07220137,384,0.8872357
260,57.67277545,385,1.077358
261,58.93133142,386,1.26748
262,59.56723338,387,1.489288
263,60.58732612,388,1.711097
264,61.46610731,389,2.154715
265,62.24332082,390,2.534959
266,62.26540075,391,3.010264
267,61.77522632,392,3.612317
268,60.66681387,393,4.214369
269,58.01280636,394,5.196666
270,54.73172886,395,5.955087
271,50.92073305,396,6.989391
272,46.79620225,397,8.211752
273,43.01170236,398,9.330441
274,39.58489733,399,10.29138
275,36.68359461,400,11.81029
276,34.21461691,401,13.05848
277,32.20534334,402,14.49921
278,30.52329433,403,16.12385
279,29.26473835,404,18.02439
280,27.7191433,405,19.83295
281,26.47383528,406,21.67218
282,25.2815191,407,23.9712
283,24.42481784,408,25.7629
284,23.63435637,409,27.85424
285,23.25899757,410,29.88496
286,23.2192537,411,31.34325
287,23.42680503,412,33.74044
288,23.64318834,413,35.68919
289,23.83307573,414,37.63519
290,24.29675425,415,39.88427
291,24.39390594,416,41.86127
292,24.4998896,417,44.49955
293,24.57496136,418,46.20789
294,24.70302495,419,48.60853
295,24.67211305,420,50.91616
296,24.77368072,421,53.22725
297,24.74276882,422,55.47978
298,24.83992051,423,57.34656
299,24.89732833,424,58.7587
300,25.06955178,425,61.18689
301,25.36983882,426,62.79879
302,25.73636564,427,64.87566
303,26.17354824,428,67.10064
304,26.72996246,429,69.64938
305,27.41002429,430,71.31638
306,28.17840583,431,73.77557
307,29.03952307,432,75.06372
308,30.10333407,433,77.14404
309,31.22102009,434,79.04526
310,32.52329433,435,80.80182
311,34.07816295,436,82.08997
312,35.75182159,437,83.72942
313,37.58445573,438,84.78336
314,39.62905719,439,85.69263
315,41.76197836,440,86.97734
316,43.90328991,441,89.6604
317,46.1249724,442,91.28952
318,48.57142857,443,91.32052
319,50.91190108,444,92.74299
320,53.33186134,445,94.37211
321,55.65025392,446,94.37211
322,58.02605432,447,95.08163
323,60.3444469,448,95.85313
324,62.69816737,449,96.62121
325,64.97681607,450,96.325
326,67.13623316,451,97.00696
327,69.27798631,452,97.48226
328,71.33141974,453,97.80602
329,73.79553985,454,99.27327
330,75.58843012,455,98.82552
331,77.27533672,456,99.30427
332,79.04173107,457,99.57291
333,80.68447781,458,98.79452
334,82.00927357,459,99.32493
335,83.50629278,460,99.41104
336,84.61470523,461,100
337,85.92625304,462,99.13206
338,87.01700155,463,99.88978
339,88.23139766,464,99.81401
340,89.13225878,465,98.8324
341,90.0640318,466,99.10449
342,91.17686023,467,97.98512
343,91.9673217,468,98.16422
344,92.85493486,469,97.15851
345,93.71605211,470,96.98285
346,94.47560168,471,96.13213
347,95.10708766,472,95.28139
348,95.85780526,473,94.26534
349,96.48929123,474,93.05641
350,97.0942813,475,92.40201
351,97.54029587,476,91.38596
352,97.98631044,477,90.76599
353,98.48531685,478,91.12765
354,98.7811879,479,90.10126
355,99.17862663,480,89.37453
356,99.48774564,481,87.25632
357,99.74828881,482,86.56403
358,99.92934423,483,84.15651
359,100,484,83.4711
360,99.82336057,485,82.38961
361,99.56723338,486,81.63532
362,99.27577832,487,80.26108
363,98.74144403,488,79.11758
364,98.02163833,489,78.23586
365,97.16935306,490,78.06709
366,96.14926032,491,77.07516
367,94.85537646,492,75.09128
368,93.72046809,493,73.96501
369,92.13512917,494,73.07295
370,90.73084566,495,71.98112
371,89.12784279,496,70.69298
372,87.35261647,497,69.10519
373,85.45374255,498,68.62299
374,83.77125193,499,67.58627
375,81.75756238,500,66.75277
376,79.82336057,501,64.81367
377,77.6551115,502,64.67245
378,75.55751822,503,63.25343
379,73.23029366,504,61.80341
380,71.1547803,505,60.99401
381,68.71274012,506,61.0009
382,66.16030029,507,59.296
383,63.55928461,508,58.06985
384,60.54316626,509,57.51877
385,57.01479355,510,55.79665
386,53.98984323,511,55.03892
387,50.95164495,512,53.83344
388,47.77655112,513,53.08604
389,44.65003312,514,51.90122
390,41.5009936,515,51.06771
391,38.39258114,516,50.23765
392,35.22190329,517,48.79796
393,32.2499448,518,48.07123
394,29.33097814,519,47.25494
395,26.51799514,520,45.87036
396,23.9699713,521,45.38472
397,21.55442703,522,44.34456
398,19.26253036,523,42.91176
399,17.1251932,524,42.12992
400,15.23515125,525,41.40663
401,13.42901303,526,40.81766
402,11.88341797,527,39.7224
403,10.35990285,528,39.13687
404,9.043939059,529,38.17937
405,7.904614705,530,37.25977
406,6.888937955,531,36.78791
407,5.935085008,532,35.56175
408,5.065135792,533,34.76269
409,4.44689777,534,33.82552
410,3.850739678,535,33.1873
411,3.241333628,536,32.35517
412,2.879222786,537,31.67321
413,2.495032016,538,31.27299
414,2.132921175,539,30.24075
415,1.810554206,540,29.93456
416,1.558843012,541,29.04732
417,1.338043718,542,28.68396
418,1.103996467,543,27.5942
419,0.918525061,544,27.09237
420,0.759549569,545,26.54268
421,0.675645838,546,25.82489
422,0.587326121,547,24.99311
423,0.529918304,548,24.81091
424,0.48134246,549,23.77213
425,0.35327887,550,23.49349
426,0.33119894,551,23.00992
427,0.251711195,552,22.51567
428,0.216383308,553,22.02797
429,0.154559505,554,21.31294
430,0.132479576,555,20.82111
431,0.105983661,556,20.33478
432,0.035327887,557,19.96246
433,0.004415986,558,19.2123
434,-0.030470302,559,18.95089
435,-0.013247958,560,18.36261
436,-0.017663943,561,18.00475
437,-0.079487746,562,17.58111
438,-0.013247958,563,17.08342
439,-0.114815633,564,16.82717
440,-0.097151689,565,16.31708
441,-0.119231618,566,15.84349
442,-0.079487746,567,15.75325
443,-0.030470302,568,15.14569
444,-0.145727534,569,14.87222
445,-0.132479576,570,14.39106
446,-0.123647604,571,13.93125
447,-0.132479576,572,13.40222
448,-0.15014352,573,13.18179
449,-0.198719364,574,12.92933
450,-0.189887392,575,12.44059
,,576,12.4027
,,577,11.99972
,,578,11.6863
,,579,11.27988
,,580,10.96404
,,581,10.82042
,,582,10.32031
,,583,9.911139
,,584,9.592892
,,585,9.619757
,,586,9.161673
,,587,9.024247
,,588,8.657781
,,589,8.353654
,,590,8.215196
,,591,8.076737
,,592,7.753668
,,593,7.569057
,,594,7.061376
,,595,7.253564
,,596,6.881587
,,597,6.742095
,,598,6.509609
,,599,6.323621
