wl,abs,wl,em
402,0.4989041,602,8.3132229
403,0.5112418,603,8.7489357
404,0.5223878,604,9.2370918
405,0.533411,605,9.7603791
406,0.5468312,606,10.3281419
407,0.5790396,607,11.3119508
408,0.6107142,608,12.3703253
409,0.6438123,609,13.5365821
410,0.6795797,610,14.783927
411,0.7174824,611,16.1287536
412,0.759122,612,17.5851644
413,0.8048544,613,19.1082084
414,0.8539678,614,20.7576439
415,0.8982766,615,22.5013882
416,0.9495253,616,24.3479027
417,1.0048669,617,26.3632918
418,1.0689278,618,28.3994817
419,1.128718,619,30.558185
420,1.1885082,620,32.8499784
421,1.2557722,621,35.2200393
422,1.3249935,622,37.7339433
423,1.3890545,623,40.3708894
424,1.4616569,624,43.0057202
425,1.5333695,625,45.7750513
426,1.6102426,626,48.6887543
427,1.6824891,627,51.5784835
428,1.7750216,628,54.4946544
429,1.860792,629,57.5019611
430,1.9565275,630,60.5103255
431,2.0478144,631,63.5729836
432,2.1501339,632,66.6287668
433,2.2611728,633,69.6320192
434,2.3706103,634,72.6560724
435,2.4798697,635,75.4825176
436,2.6060342,636,78.3278247
437,2.7313089,637,81.1179566
438,2.8661927,638,83.6664111
439,3.0032119,639,86.1020475
440,3.1539331,640,88.4081194
441,3.298782,641,90.6071904
442,3.4582225,642,92.5416678
443,3.6281619,643,94.2617908
444,3.7988131,644,95.7419992
445,3.9797852,645,97.0233657
446,4.1541733,646,98.1332135
447,4.3557873,647,98.9118344
448,4.544767,648,99.5688234
449,4.7460251,649,99.8718457
450,4.9672133,650,100
451,5.1837748,651,99.9460589
452,5.4224018,652,99.5342729
453,5.6514196,653,99.0278255
454,5.901791,654,98.2321056
455,6.1494933,655,97.3507144
456,6.3886541,656,96.1691213
457,6.6795975,657,94.9424011
458,6.9511446,658,93.4740034
459,7.2563238,659,91.9800453
460,7.5492246,660,90.3041681
461,7.8488874,661,88.4872683
462,8.1633198,662,86.5475026
463,8.4658297,663,84.6258935
464,8.7834652,664,82.6016905
465,9.1021683,665,80.5693787
466,9.4669597,666,78.4690235
467,9.8002545,667,76.2724204
468,10.1634443,668,74.0687661
469,10.5321506,669,71.9486678
470,10.9198971,670,69.7644041
471,11.3273958,671,67.6480076
472,11.7334709,672,65.4471738
473,12.1580525,673,63.3921221
474,12.5909977,674,61.3933032
475,13.0271458,675,59.4965494
476,13.4835799,676,57.5007271
477,13.9615456,677,55.6191332
478,14.4364863,678,53.9150515
479,14.9459486,679,52.1700732
480,15.4555889,680,50.5814538
481,15.9913874,681,49.002177
482,16.5214916,682,47.4828349
483,17.0483927,683,46.0826569
484,17.5936224,684,44.6953471
485,18.122125,685,43.3362419
486,18.6682445,686,42.0652758
487,19.2291335,687,40.8743401
488,19.7861077,688,39.6906317
489,20.3637237,689,38.5649189
490,20.8840408,690,37.5460306
491,21.444574,691,36.4254299
492,22.0124029,692,35.4627744
493,22.6382426,693,34.5302626
494,23.218172,694,33.6811303
495,23.8077104,695,32.8545616
496,24.366998,696,32.0063108
497,24.9670353,697,31.2574808
498,25.5480324,698,30.5354451
499,26.1754736,699,29.8185216
500,26.8132357,700,29.0924315
501,27.457048,701,28.4056515
502,28.1053091,702,27.706532
503,28.8058865,703,27.0060023
504,29.4986343,704,26.3793331
505,30.1675371,705,25.7854518
506,30.873275,706,25.1882211
507,31.5779452,707,24.5793561
508,32.3408041,708,23.9733115
509,33.1049087,709,23.4349577
510,33.8332458,710,22.8678706
511,34.6240424,711,22.3007836
512,35.3829865,712,21.7425104
513,36.1429982,713,21.2053906
514,36.9786375,714,20.6952414
515,37.8021763,715,20.2365654
516,38.6036497,716,19.7731299
517,39.4108174,717,19.3114572
518,40.1952079,718,18.7806834
519,40.9609139,719,18.2908062
520,41.7675478,720,17.8122108
521,42.6455384,721,17.3743357
522,43.5415017,722,16.8964453
523,44.4963654,723,16.4444679
524,45.4332565,724,16.0102946
525,46.3580472,725,15.6171942
526,47.2903117,726,15.2002961
527,48.1332467,727,14.7733503
528,49.0836618,728,14.3435839
529,50.0274928,729,13.9298589
530,51.041435,730,13.5186018
531,51.975123,731,13.1239148
532,52.925894,732,12.7535542
533,53.8734619,733,12.3535789
534,54.6736897,734,11.9625938
535,55.4877973,735,11.5999894
536,56.3396297,736,11.235446
537,57.228831,737,10.8571529
538,58.1619852,738,10.4883789
539,59.0504747,739,10.1404056
540,59.9443026,740,9.8104128
541,60.7354551,741,9.5028072
542,61.5851521,742,9.1867404
543,62.2855516,743,8.8985254
544,63.0117534,744,8.6304062
545,63.7146441,745,8.3349639
546,64.3851485,746,8.0663159
547,65.1435588,747,7.806658
548,65.8722518,748,7.5521123
549,66.4989813,749,7.3047939
550,67.1354978,750,7.0786289
551,67.6629328,751,6.8388905
552,68.1780894,752,6.6035591
553,68.7528583,753,6.3832113
554,69.2423906,754,6.1496426
555,70.0477788,755,5.9500956
556,70.9512158,756,5.7479045
557,72.0815353,757,5.5529408
558,73.0415595,758,5.3748997
559,74.0252507,759,5.2072591
560,75.0616142,760,5.0401474
561,76.1155944,761,4.8823783
562,77.0996414,762,4.7279586
563,78.082087,763,4.583763
564,79.096385,764,4.4644226
565,80.1270542,765,4.3434958
566,81.1146602,766,4.24478
567,82.2784337,767,4.1383079
568,83.0665611,768,4.0395921
569,83.792585,769,3.9308284
570,84.309877,770,3.8197731
571,85.0483571,771,3.7261694
572,85.7946669,772,3.6154667
573,86.2019877,773,3.5171034
574,86.5829723,774,3.4168011
575,87.0538201,775,3.3175564
576,87.4598952,776,3.241228
577,87.9291415,777,3.1474479
578,88.35746,778,3.0679464
579,88.7391564,779,2.977692
580,88.9934427,780,2.889024
581,89.4214053,781,2.8049393
582,89.7406422,782,2.7287871
583,90.2479692,783,2.6521061
584,90.6200564,784,2.5777167
585,91.0618989,785,2.5308267
586,91.6843576,786,2.4871097
587,92.2429333,787,2.4199476
588,92.8596977,788,2.3628335
589,93.4188072,789,2.2798064
590,93.9992704,790,2.2166988
591,94.598596,791,2.1558828
592,95.3997135,792,2.1024705
593,96.0614985,793,2.0610452
594,96.6437412,794,1.9972324
595,97.2539215,795,1.9658255
596,97.5888178,796,1.9480829
597,97.9313658,797,1.9247292
598,98.3116386,798,1.8956766
599,98.7129092,799,1.8424601
600,99.2294894,800,1.8185618
601,99.6033561,,
602,99.8124438,,
603,99.9676136,,
604,100,,
605,99.9508866,,
606,99.9003497,,
607,99.7240042,,
608,99.4150881,,
609,99.0821492,,
610,98.5648573,,
611,97.8516456,,
612,96.9530131,,
613,95.922166,,
614,94.7591042,,
615,93.8407196,,
616,92.6573719,,
617,91.5275862,,
618,90.1340831,,
619,88.6416414,,
620,87.1173472,,
621,85.6939489,,
622,84.2068456,,
623,82.7168952,,
624,81.0737323,,
625,79.3873284,,
626,77.5528725,,
627,75.6609397,,
628,73.5453276,,
629,71.4395025,,
630,69.3171283,,
631,67.0516847,,
632,64.7325011,,
633,62.3264794,,
634,59.9071117,,
635,57.3989483,,
636,54.9205022,,
637,52.4089579,,
638,49.9653893,,
639,47.5024245,,
640,45.0732697,,
641,42.6884237,,
642,40.2489479,,
643,37.7913215,,
644,35.435125,,
645,33.3147082,,
646,31.1658199,,
647,29.0050092,,
648,26.9950976,,
649,25.0394597,,
650,23.2411271,,
651,21.444574,,
652,19.8241883,,
653,18.2497131,,
654,16.7394767,,
655,15.4582581,,
656,14.2201027,,
657,13.1170091,,
658,11.9708523,,
659,10.9321755,,
660,9.9671688,,
661,9.0720952,,
662,8.2473108,,
663,7.4549127,,
664,6.7925938,,
665,6.1462903,,
666,5.57597,,
667,5.0777184,,
668,4.5787549,,
669,4.1296166,,
670,3.7295917,,
671,3.3617752,,
672,3.0443177,,
673,2.7608481,,
674,2.4999778,,
675,2.3595776,,
676,2.2268776,,
677,2.0898455,,
678,1.9475511,,
679,1.8656856,,
680,1.7379578,,
