wl,abs,wl,em,Data copyright Molecular Probes
300,100,480,0.234876823
301,97.74114022,481,0.215600913
302,95.63477731,482,0.192215228
303,93.69997337,483,0.18640257
304,91.86047996,484,0.173173598
305,90.02956451,485,0.155617691
306,88.21008632,486,0.146522962
307,86.49449661,487,0.138113692
308,84.7407827,488,0.131358176
309,82.90033619,489,0.120906848
310,81.080858,490,0.120310965
311,79.29855091,491,0.123326421
312,77.72592702,492,0.126902888
313,76.11517891,493,0.135522285
314,74.56161712,494,0.148321528
315,73.01758639,495,0.15522165
316,71.73089411,496,0.176063775
317,70.28217392,497,0.201149192
318,68.98595059,498,0.225624021
319,67.65064994,499,0.263866365
320,66.4602213,500,0.315582501
321,65.25930851,501,0.380738747
322,64.21089258,502,0.456976227
323,63.10529033,503,0.561924116
324,62.14265388,504,0.701828468
325,61.16953328,505,0.868218455
326,60.3603468,506,1.066101265
327,57.91086595,507,1.3273148
328,58.08242492,508,1.656929902
329,57.68212065,509,2.029127104
330,56.95776056,510,2.527130483
331,56.18574519,511,3.069352443
332,55.69966144,512,3.760870862
333,55.05154978,513,4.593385842
334,54.43203127,514,5.530162996
335,53.77438855,515,6.598204324
336,53.2692427,516,7.910241812
337,52.6687863,517,9.370993957
338,52.2970752,518,11.06709944
339,51.77286723,519,12.98369128
340,51.30584559,520,15.18059015
341,50.80069973,521,17.5355164
342,50.46711285,522,20.20399634
343,50.09540175,523,23.09710441
344,49.74275275,524,26.50037199
345,49.33291743,525,30.11085491
346,48.92308211,526,33.98411825
347,48.52277785,527,38.24153433
348,48.09388042,528,43.01972329
349,47.65545195,529,47.88540524
350,47.11218187,530,53.15142864
351,46.68301083,531,58.12624221
352,46.21147448,532,63.46653728
353,45.71987275,533,68.41674982
354,45.20774961,534,73.85993134
355,44.6842257,535,78.58294433
356,44.15112512,536,83.14064652
357,43.63717786,537,87.06093058
358,43.07443525,538,90.79062752
359,42.5285658,539,94.03024529
360,41.9922274,540,96.73839526
361,41.45096387,541,98.6084622
362,40.91193489,542,99.76237609
363,40.38430669,543,100
364,39.87309561,544,99.70315318
365,39.36097248,545,98.77745827
366,38.87347503,546,97.19777055
367,38.41425152,547,95.31577646
368,37.95548405,548,92.57800536
369,37.51906211,549,89.52604759
370,37.09404095,550,85.82753537
371,36.70048595,551,81.80664962
372,36.31149126,552,77.31424342
373,35.94985845,553,73.26824913
374,35.58594548,554,68.44134081
375,35.24346598,555,63.96106143
376,34.91101918,556,59.14753391
377,34.58541284,557,54.78470932
378,34.27759172,558,50.22019492
379,33.97205075,559,46.00295238
380,33.68972178,560,41.83505855
381,33.40064355,561,38.04433719
382,33.11744812,562,34.47203731
383,32.82650016,563,31.10984607
384,32.71659662,564,27.69955176
385,32.36408444,565,24.94757129
386,32.13424467,566,22.19422939
387,31.89072396,567,19.76795673
388,31.66909275,568,17.51991228
389,31.41827555,569,15.60706666
390,31.17840309,570,13.84880304
391,30.89201544,571,12.23896942
392,30.60973207,572,10.70895343
393,30.29507048,573,9.488064193
394,29.95304702,574,8.325111815
395,29.58411771,575,7.354844911
396,29.20469968,576,6.380373054
397,28.80065596,577,5.660005606
398,28.37609083,578,4.905018261
399,27.93009223,579,4.289151808
400,27.4617481,580,3.71337764
401,26.99522809,581,3.23334364
402,26.50636255,582,2.818558204
403,26.03893048,583,2.463120107
404,25.52863147,584,2.132827867
405,25.06393559,585,1.851331675
406,24.57780623,586,1.613003269
407,24.14229635,587,1.40640153
408,23.69219347,588,1.228002891
409,23.29407816,589,1.062080504
410,22.88912238,590,0.908829117
411,22.53204988,591,0.796050464
412,22.2000591,592,0.685416535
413,21.89269401,593,0.602317865
414,21.61041065,594,0.515228217
415,21.353209,595,0.448353444
416,21.12884161,596,0.39524907
417,20.91496293,597,0.35186594
418,20.72844614,598,0.303036112
419,20.54557759,599,0.262161468
420,20.37684601,600,0.228037804
421,20.216323,601,0.193233456
422,20.0617284,602,0.166197431
423,19.93631979,603,0.143375884
424,19.77488472,604,0.127837537
425,19.60524108,605,0.107013357
426,19.42009237,606,0.097979544
427,19.22855923,607,0.084496772
428,19.03611403,608,0.075831259
429,18.81174664,609,0.064007105
430,18.5736983,610,0.053540119
431,18.32698538,611,0.049795125
432,18.06111914,612,0.039310544
433,17.77792371,613,0.034343228
434,17.47283878,614,0.031627796
435,17.16592972,615,0.027332065
436,16.8362191,616,0.020010615
437,16.50058007,617,0.018034395
438,16.14578773,618,0.011302524
439,15.78734714,619,0.009717417
440,15.41385751,620,0.00313503
441,15.03580758,621,0.012208958
442,14.65547748,622,0.003641307
443,14.27286723,623,0.005114985
444,13.88569667,624,0.002542818
445,13.50354245,625,0.003085188
446,13.14145361,626,-0.000912668
447,12.78894142,627,-0.002037961
448,12.45375843,628,0.001000931
449,12.14274509,629,0.003701978
450,11.86502204,630,0.003900712
451,11.61192467,631,0.003334508
452,11.39987012,632,0.003453831
453,11.22064983,633,3.15959E-05
454,11.07289569,634,-0.006472921
455,10.97165674,635,-0.000971841
456,10.89732364,636,-0.006492759
457,10.86403336,637,0.000678138
458,10.8471602,638,0.00144526
459,10.85764892,639,-0.000583567
460,10.87224192,640,0.005570804
461,10.89914777,641,0.006666985
462,10.92331743,642,0.004777063
463,10.93198202,643,0.006511771
464,10.9287898,644,0.005878668
465,10.89595555,645,0.00903478
466,10.83940767,646,0.003913998
467,10.74911348,647,0.007977565
468,10.61868853,648,0.01015007
469,10.45223711,649,0.014469225
470,10.231974,650,0.014137929
471,9.998029945,651,0.014084673
472,9.725323235,652,0.01510487
473,9.425710679,653,0.009522969
474,9.091895777,654,0.022131708
475,8.744855967,655,0.023456171
476,8.378206812,656,0.014708303
477,8.004717188,657,0.015016769
478,7.621194875,658,0.007221396
479,7.226727811,659,0.012556423
480,6.851414062,660,0.016693346
481,6.47518825,661,0.016740478
482,6.100786563,662,0.008247404
483,5.740521846,663,0.016679642
484,5.389833786,664,0.009146015
485,5.053738727,665,0.003717013
486,4.740445232,666,0.007096102
487,4.451321396,667,0.003613102
488,4.172230248,668,0.003634488
489,3.925517322,669,0.003678412
490,3.698869772,670,0.010998098
491,3.499584099,671,0.006331212
492,3.326748242,672,0.009576964
493,3.170785541,673,-0.002597978
494,3.050849313,674,0.001576016
495,2.951890523,675,0.000976215
496,2.8903263,676,-0.002124454
497,2.849237881,677,0.000753681
498,2.841986983,678,0.006303726
499,2.858404109,679,-0.001010644
500,2.910391676,680,0.002937171
501,2.989695517,681,0.002550843
502,3.100556723,682,-0.002551743
503,3.24466261,683,-0.003077569
504,3.418866562,684,-0.008348428
505,3.624080641,685,-0.003151089
506,3.860760879,686,-0.009850789
507,4.126171088,687,0.002487481
508,4.414382862,688,-0.004604667
509,4.734060794,689,8.66163E-05
510,5.069699822,690,0.001188697
511,5.431332633,691,0.002432416
512,5.796157663,692,-0.00057925
513,6.185608382,693,-0.004413561
514,6.557273881,694,0.001114607
515,6.940340163,695,-0.007296373
516,7.300148849,696,0.007936232
517,7.642172314,697,0.002141397
518,7.961394215,698,-0.010772259
519,8.247781864,699,-0.000274682
520,8.493126696,700,0.006720396
521,8.695604588
522,8.857495695
523,8.979256049
524,9.053133117
525,9.077758807
526,9.060429618
527,9.014826489
528,8.935021014
529,8.822381286
530,8.674171118
531,8.514104136
532,8.32439512
533,8.115076759
534,7.886605084
535,7.638980095
536,7.366729417
537,7.083990018
538,6.771608587
539,6.45056256
540,6.112643376
541,5.76332341
542,5.396218224
543,5.017712255
544,4.651975163
545,4.283957914
546,3.925517322
547,3.580712065
548,3.253327204
549,2.932691606
550,2.630844497
551,2.339440504
552,2.078134577
553,1.82412515
554,1.595197443
555,1.381774801
556,1.191609754
557,1.015581677
558,0.861443102
559,0.732842279
560,0.649388553
561,0.543589295
562,0.453751131
563,0.377137875
564,0.311925401
565,0.26221799
566,0.216614862
567,0.187428859
568,0.153226513
569,0.129056854
570,0.108079415
571,0.090750226
572,0.079349444
573,0.06384438
574,0.053811692
575,0.045603129
576,0.043322972
577,0.034202347
578,0.026905846
579,0.025537752
580,0.020065377
581,0.020977439
582,0.016873158
583,0.01413697
584,0.012768876
585,0.011400782
586,0.011856813
587,0.012768876
588,0.011856813
589,0.011400782
590,0.008208563
591,0.007296501
592,0.010032688
593,0.006840469
594,0.007296501
595,0.004104282
596,0.005928407
597,0.00364825
598,0.005928407
599,0.002280156
600,0.001368094
