300.00	0.037115201354027
301.00	0.028339000418782
302.00	0.019562900066376
303.00	0.0026041499804705
304.00	0.0053182700648904
305.00	0.0058748298324645
306.00	0.0013343699974939
307.00	0.0042357398197055
308.00	5.7144901802531E-5
309.00	0.0052143200300634
310.00	0.0023508400190622
311.00	0.0034493599087
312.00	0.0029453500173986
313.00	0.0020416299812496
314.00	0.0025074400473386
315.00	0.0015879500424489
316.00	0.00076474802335724
317.00	0.00093707599444315
318.00	0.00047278701094911
319.00	0.0015273099998012
320.00	0.0010266499593854
321.00	0.0016753900563344
322.00	0.00059057801263407
323.00	0.00073859799886122
324.00	0.00059351098025218
325.00	0.00067319301888347
326.00	0.00043705300777219
327.00	0.0008055730140768
328.00	0.00058209500275552
329.00	0.00054895301582292
330.00	0.00081449601566419
331.00	0.00081900402437896
332.00	0.00032268499489874
333.00	0.00052765797590837
334.00	0.0005497980164364
335.00	0.00079229898983613
336.00	0.0010805400088429
337.00	0.00044946500565857
338.00	0.00065407698275521
339.00	0.00046092699631117
340.00	0.00054156500846148
341.00	0.00046736298827454
342.00	0.00050065002869815
343.00	0.00095000897999853
344.00	0.0013515299651772
345.00	0.0022782899904996
346.00	0.0037709099706262
347.00	0.006023429799825
348.00	0.010005500167608
349.00	0.015443299897015
350.00	0.022595399990678
351.00	0.033757798373699
352.00	0.050751600414515
353.00	0.068457402288914
354.00	0.087264403700829
355.00	0.10915900021791
356.00	0.13223600387573
357.00	0.1472129970789
358.00	0.15480400621891
359.00	0.16875199973583
360.00	0.20243500173092
361.00	0.22597099840641
362.00	0.21998499333858
363.00	0.2201160043478
364.00	0.26684498786926
365.00	0.31708499789238
366.00	0.32827699184418
367.00	0.32610100507736
368.00	0.35729798674583
369.00	0.41395699977875
370.00	0.45693001151085
371.00	0.46481800079346
372.00	0.44158101081848
373.00	0.41259899735451
374.00	0.38885799050331
375.00	0.3753809928894
376.00	0.36300000548363
377.00	0.3375009894371
378.00	0.29180899262428
379.00	0.24009899795055
380.00	0.21614499390125
381.00	0.23278799653053
382.00	0.28149199485779
383.00	0.29007399082184
384.00	0.23605799674988
385.00	0.17832900583744
386.00	0.18165099620819
387.00	0.27276799082756
388.00	0.44656801223755
389.00	0.52032798528671
390.00	0.40354999899864
391.00	0.26289901137352
392.00	0.21044500172138
393.00	0.26385501027107
394.00	0.30455499887466
395.00	0.31342801451683
396.00	0.25974398851395
397.00	0.10754600167274
398.00	0.022018499672413
399.00	0.004992560017854
400.00	0.0018386299489066
401.00	0.00096332200337201
402.00	0.00075270899105817
403.00	0.0003437639970798
404.00	0.00012397499813233
405.00	1.417190014763E-5
406.00	0.00087415898451582
407.00	0.0011098099639639
408.00	0.0012946899514645
409.00	0.0032475800253451
410.00	0.0076989498920739
411.00	0.014406500384212
412.00	0.01824240013957
413.00	0.018642200157046
414.00	0.020810099318624
415.00	0.030951900407672
416.00	0.059782300144434
417.00	0.14802700281143
418.00	0.31087601184845
419.00	0.41708499193192
420.00	0.44775700569153
421.00	0.48008900880814
422.00	0.46347299218178
423.00	0.37742200493813
424.00	0.33330801129341
425.00	0.39875900745392
426.00	0.47496300935745
427.00	0.42465999722481
428.00	0.31395500898361
429.00	0.203832000494
430.00	0.12826199829578
431.00	0.087559096515179
432.00	0.090280503034592
433.00	0.13978800177574
434.00	0.25551900267601
435.00	0.35138899087906
436.00	0.31391099095345
437.00	0.21135500073433
438.00	0.1584890037775
439.00	0.18498100340366
440.00	0.29130798578262
441.00	0.36170199513435
442.00	0.26817798614502
443.00	0.14612899720669
444.00	0.08320289850235
445.00	0.070278503000736
446.00	0.076318398118019
447.00	0.075091302394867
448.00	0.053308699280024
449.00	0.025768699124455
450.00	0.012204400263727
451.00	0.0070720198564231
452.00	0.0050364099442959
453.00	0.0045491000637412
454.00	0.0050347400829196
455.00	0.0061040599830449
456.00	0.0066728699021041
457.00	0.0056088799610734
458.00	0.0036090000066906
459.00	0.0021449599880725
460.00	0.0011942000128329
461.00	0.00089315802324563
462.00	0.0008489330066368
463.00	0.00064649700652808
464.00	0.00089581002248451
465.00	0.0011043299455196
466.00	0.0014604800380766
467.00	0.0017081300029531
468.00	0.0013401299947873
469.00	0.00089891097741202
470.00	0.00052230502478778
471.00	0.0003369270125404
472.00	0.00028822699096054
473.00	0.0002709089894779
474.00	0.0001227589964401
475.00	0.00013900900376029
476.00	0.00019990900182165
477.00	0.00053618202218786
478.00	0.00068468501558527
479.00	0.00073988502845168
480.00	0.00055867101764306
481.00	0.00034659198718145
482.00	0.00023017999774311
483.00	0.00017324500367977
484.00	0.00012362700363155
485.00	0.00014613100211136
486.00	0.00018190700211562
487.00	0.00012852399959229
488.00	0.00030157199944369
489.00	0.00025613699108362
490.00	0.00049695401685312
491.00	0.00052807701285928
492.00	0.00046798298717476
493.00	0.0004576510109473
494.00	0.00026182300643995
495.00	0.00022545299725607
496.00	0.00015606399392709
497.00	7.3840899858624E-5
498.00	0.00014547699538525
499.00	7.2411101427861E-5
500.00	0.00014533099601977
501.00	0.0003121129993815
502.00	0.00033391799661331
503.00	0.00036322898813523
504.00	0.00052817398682237
505.00	0.00058024300960824
506.00	0.00059909897390753
507.00	0.00044293201062828
508.00	0.00040182599332184
509.00	0.00040315199294128
510.00	0.00032903501414694
511.00	0.00036665500374511
512.00	0.00035448899143375
513.00	0.0004300810105633
514.00	0.00050122797256336
515.00	0.00049202097579837
516.00	0.00053086702246219
517.00	0.00061844399897382
518.00	0.00062406901270151
519.00	0.00063526502344757
520.00	0.0007060969946906
521.00	0.00065298401750624
522.00	0.00075793801806867
523.00	0.00084515498019755
524.00	0.0011233000550419
525.00	0.0015446699690074
526.00	0.002071910072118
527.00	0.0026143800932914
528.00	0.0028020199388266
529.00	0.0026454799808562
530.00	0.0020952299237251
531.00	0.0015457000117749
532.00	0.001267240033485
533.00	0.0010087100090459
534.00	0.00097138702403754
535.00	0.00097046501468867
536.00	0.0010606499854475
537.00	0.0012661999789998
538.00	0.0016982899978757
539.00	0.0025659899692982
540.00	0.0039035100489855
541.00	0.0057302298955619
542.00	0.0072622098959982
543.00	0.0071913399733603
544.00	0.0058426600880921
545.00	0.0042343097738922
546.00	0.0031216600909829
547.00	0.0024151001125574
548.00	0.0021274299360812
549.00	0.002033380093053
550.00	0.0022843899205327
551.00	0.0028579700738192
552.00	0.0037618500646204
553.00	0.0059012398123741
554.00	0.011412600055337
555.00	0.021518100053072
556.00	0.027836700901389
557.00	0.0227434001863
558.00	0.012472400441766
559.00	0.0055621298961341
560.00	0.0029126300942153
561.00	0.0019289799965918
562.00	0.0014032400213182
563.00	0.0011307500535622
564.00	0.00090846099192277
565.00	0.00088142300955951
566.00	0.00082074501551688
567.00	0.00076673901639879
568.00	0.00085992499953136
569.00	0.00079765601549298
570.00	0.0010066400282085
571.00	0.0010230500483885
572.00	0.0012177600292489
573.00	0.0015182800125331
574.00	0.0018478099955246
575.00	0.0023799899499863
576.00	0.0031909600365907
577.00	0.0043035899288952
578.00	0.0054375198669732
579.00	0.0071354899555445
580.00	0.0093840202316642
581.00	0.011795300059021
582.00	0.014294199645519
583.00	0.016667999327183
584.00	0.018833899870515
585.00	0.020632199943066
586.00	0.02238729968667
587.00	0.024650000035763
588.00	0.02746419981122
589.00	0.031310901045799
590.00	0.036955900490284
591.00	0.0451750010252
592.00	0.055971298366785
593.00	0.070523798465729
594.00	0.092841900885105
595.00	0.12231100350618
596.00	0.16317799687386
597.00	0.2168370038271
598.00	0.28264701366425
599.00	0.34951800107956
600.00	0.41789498925209
601.00	0.49503099918365
602.00	0.59899300336838
603.00	0.72448199987411
604.00	0.8599020242691
605.00	0.95066702365875
606.00	0.98626297712326
607.00	0.9906359910965
608.00	0.98957800865173
609.00	0.99012500047684
610.00	0.99210202693939
611.00	0.99427902698517
612.00	0.99399602413177
613.00	0.99274802207947
614.00	0.99212902784348
615.00	0.99060797691345
616.00	0.98869699239731
617.00	0.98722797632217
618.00	0.98610401153564
619.00	0.9838889837265
620.00	0.98200500011444
621.00	0.98250997066498
622.00	0.9833419919014
623.00	0.98294097185135
624.00	0.98232799768448
625.00	0.98125600814819
626.00	0.98093897104263
627.00	0.98091602325439
628.00	0.98117899894714
629.00	0.98225599527359
630.00	0.98324900865555
631.00	0.98288202285767
632.00	0.98240399360657
633.00	0.98232197761536
634.00	0.98360198736191
635.00	0.98515802621841
636.00	0.98602497577667
637.00	0.98685300350189
638.00	0.98660200834274
639.00	0.98535299301147
640.00	0.98385000228882
641.00	0.98332101106644
642.00	0.98241698741913
643.00	0.98062700033188
644.00	0.97882699966431
645.00	0.97835201025009
646.00	0.9774090051651
647.00	0.97696101665497
648.00	0.97785800695419
649.00	0.97932302951813
650.00	0.97973901033401
651.00	0.97805398702621
652.00	0.97768098115921
653.00	0.9779440164566
654.00	0.9764130115509
655.00	0.97649198770523
656.00	0.97706001996994
657.00	0.97669297456741
658.00	0.97508001327515
659.00	0.9745169878006
660.00	0.97395902872086
661.00	0.9754850268364
662.00	0.9777569770813
663.00	0.97754597663879
664.00	0.97894901037216
665.00	0.98006099462509
666.00	0.98022001981735
667.00	0.98038202524185
668.00	0.9796450138092
669.00	0.98007798194885
670.00	0.97819697856903
671.00	0.97860300540924
672.00	0.97774600982666
673.00	0.97649699449539
674.00	0.97599101066589
675.00	0.97548997402191
676.00	0.97634202241898
677.00	0.97527301311493
678.00	0.97593599557877
679.00	0.97789800167084
680.00	0.97661501169205
681.00	0.97938102483749
682.00	0.98073101043701
683.00	0.98110800981522
684.00	0.9802640080452
685.00	0.98032701015472
686.00	0.98084902763367
687.00	0.98168098926544
688.00	0.98172700405121
689.00	0.98104101419449
690.00	0.98159700632095
691.00	0.98241901397705
692.00	0.9830430150032
693.00	0.98335301876068
694.00	0.98281002044678
695.00	0.9831560254097
696.00	0.98082500696182
697.00	0.97940301895142
698.00	0.98057401180267
699.00	0.98119497299194
700.00	0.98013699054718
701.00	0.97959101200104
702.00	0.97924101352692
703.00	0.9767689704895
704.00	0.97581100463867
705.00	0.97677898406982
706.00	0.97822999954224
707.00	0.98058700561523
708.00	0.98127901554108
709.00	0.98025298118591
710.00	0.97998201847076
711.00	0.97961097955704
712.00	0.97976499795914
713.00	0.98105800151825
714.00	0.97914499044418
715.00	0.97988998889923
716.00	0.97935998439789
717.00	0.97655200958252
718.00	0.9762549996376
719.00	0.97583001852036
720.00	0.97667199373245
721.00	0.97663402557373
722.00	0.97654497623444
723.00	0.97539401054382
724.00	0.97493499517441
725.00	0.97567397356033
726.00	0.9770399928093
727.00	0.97916299104691
728.00	0.98044002056122
729.00	0.97827500104904
730.00	0.98040699958801
731.00	0.98289597034454
732.00	0.98365098237991
733.00	0.98112899065018
734.00	0.98246198892593
735.00	0.98279100656509
736.00	0.98188197612762
737.00	0.98030298948288
738.00	0.98154598474503
739.00	0.98225599527359
740.00	0.98157298564911
741.00	0.98393201828003
742.00	0.98180800676346
743.00	0.98228001594543
744.00	0.98197197914124
745.00	0.97931599617004
746.00	0.97898900508881
747.00	0.97896599769592
748.00	0.97922998666763
749.00	0.98041999340057
750.00	0.98207902908325
751.00	0.9831799864769
752.00	0.98265898227692
753.00	0.9816409945488
754.00	0.98073297739029
755.00	0.98044800758362
756.00	0.97891998291016
757.00	0.9781259894371
758.00	0.97870302200317
759.00	0.97877198457718
760.00	0.97795397043228
761.00	0.97780400514603
762.00	0.9765750169754
763.00	0.97390300035477
764.00	0.97338801622391
765.00	0.97300297021866
766.00	0.97294998168945
767.00	0.97184699773788
768.00	0.97139102220535
769.00	0.97279000282288
770.00	0.97371000051498
771.00	0.97176599502563
772.00	0.97239702939987
773.00	0.97278201580048
774.00	0.97508102655411
775.00	0.97493702173233
776.00	0.97680300474167
777.00	0.97750699520111
778.00	0.97798299789429
779.00	0.97712999582291
780.00	0.97602897882462
781.00	0.97824501991272
782.00	0.9777609705925
783.00	0.9770399928093
784.00	0.97730898857117
785.00	0.97714000940323
786.00	0.97612500190735
787.00	0.97531402111053
788.00	0.97571402788162
789.00	0.97608298063278
790.00	0.97705000638962
791.00	0.97665101289749
792.00	0.97579002380371
793.00	0.97593700885773
794.00	0.97555100917816
795.00	0.97547602653503
796.00	0.97373098134995
797.00	0.97714900970459
798.00	0.97766202688217
799.00	0.97812801599503
800.00	0.97769397497177
801.00	0.97754198312759
802.00	0.97839397192001
803.00	0.97846299409866
804.00	0.97710597515106
805.00	0.97543400526047
806.00	0.97513401508331
807.00	0.97629398107529
808.00	0.97700697183609
809.00	0.97402602434158
810.00	0.97304898500443
811.00	0.97186797857285
812.00	0.97160398960114
813.00	0.97008901834488
814.00	0.97057598829269
815.00	0.9729580283165
816.00	0.97495901584625
817.00	0.97348701953888
818.00	0.97270798683167
819.00	0.97237002849579
820.00	0.97126698493958
821.00	0.97363299131393
822.00	0.97455900907516
823.00	0.97412699460983
824.00	0.97460997104645
825.00	0.9742379784584
826.00	0.97214299440384
827.00	0.97237199544907
828.00	0.9718279838562
829.00	0.97157299518585
830.00	0.96800899505615
831.00	0.96967399120331
832.00	0.97048401832581
833.00	0.96759802103043
834.00	0.96752697229385
835.00	0.96632498502731
836.00	0.96648800373077
837.00	0.96735298633575
838.00	0.9675880074501
839.00	0.96816802024841
840.00	0.96835899353027
841.00	0.96660101413727
842.00	0.9661819934845
843.00	0.96507900953293
844.00	0.96610999107361
845.00	0.96832400560379
846.00	0.96677601337433
847.00	0.96577697992325
848.00	0.96581500768661
849.00	0.96618801355362
850.00	0.96557199954987
851.00	0.96435397863388
852.00	0.96404999494553
853.00	0.96363198757172
854.00	0.95944201946259
855.00	0.95781999826431
856.00	0.96171802282333
857.00	0.96396797895432
858.00	0.96521902084351
859.00	0.96434199810028
860.00	0.96260201931
861.00	0.9609500169754
862.00	0.96010500192642
863.00	0.96102297306061
864.00	0.96222299337387
865.00	0.96171498298645
866.00	0.96019399166107
867.00	0.96200102567673
868.00	0.964959025383
869.00	0.96376901865005
870.00	0.96515798568726
871.00	0.96566301584244
872.00	0.96252501010895
873.00	0.96052497625351
874.00	0.95535802841187
875.00	0.95262998342514
876.00	0.94881397485733
877.00	0.94449597597122
878.00	0.93962699174881
879.00	0.93457001447678
880.00	0.93176501989365
881.00	0.92897802591324
882.00	0.92689299583435
883.00	0.92158997058868
884.00	0.91962599754333
885.00	0.91986000537872
886.00	0.91715997457504
887.00	0.91610699892044
888.00	0.91982400417328
889.00	0.91877502202988
890.00	0.91988402605057
891.00	0.9225350022316
892.00	0.92738801240921
893.00	0.92915099859238
894.00	0.93126600980759
895.00	0.92954802513123
896.00	0.92724400758743
897.00	0.92263197898865
898.00	0.91900497674942
899.00	0.91461002826691
900.00	0.90699702501297
901.00	0.90075701475143
902.00	0.8918280005455
903.00	0.87432497739792
904.00	0.86312800645828
905.00	0.84900999069214
906.00	0.83139699697495
907.00	0.81431901454926
908.00	0.79417198896408
909.00	0.77958601713181
910.00	0.76236498355865
911.00	0.74531197547913
912.00	0.73084002733231
913.00	0.71575999259949
914.00	0.70168697834015
915.00	0.68707400560379
916.00	0.67809402942657
917.00	0.66912597417831
918.00	0.66171902418137
919.00	0.65621602535248
920.00	0.65420198440552
921.00	0.6550999879837
922.00	0.65801697969437
923.00	0.66418302059174
924.00	0.67497098445892
925.00	0.68705600500107
926.00	0.70445102453232
927.00	0.72704702615738
928.00	0.74769097566605
929.00	0.76661902666092
930.00	0.78382301330566
931.00	0.79828298091888
932.00	0.80458897352219
933.00	0.79814898967743
934.00	0.7833359837532
935.00	0.76156598329544
936.00	0.73530399799347
937.00	0.70555800199509
938.00	0.67710500955582
939.00	0.65012502670288
940.00	0.62625902891159
941.00	0.60726499557495
942.00	0.59161102771759
943.00	0.58103400468826
944.00	0.57446998357773
945.00	0.57038599252701
946.00	0.56984502077103
947.00	0.57160097360611
948.00	0.57494097948074
949.00	0.57767701148987
950.00	0.5811870098114
951.00	0.58488798141479
952.00	0.58788901567459
953.00	0.59064400196075
954.00	0.59509599208832
955.00	0.6013839840889
956.00	0.61065697669983
957.00	0.62480098009109
958.00	0.64932501316071
959.00	0.68406599760056
960.00	0.72496300935745
961.00	0.75919300317764
962.00	0.77081400156021
963.00	0.74939697980881
964.00	0.69608902931213
965.00	0.61970800161362
966.00	0.54019898176193
967.00	0.46295800805092
968.00	0.40786701440811
969.00	0.36767399311066
970.00	0.33865800499916
971.00	0.31793799996376
972.00	0.30208998918533
973.00	0.29050999879837
974.00	0.28185299038887
975.00	0.27545300126076
976.00	0.26986101269722
977.00	0.2654080092907
978.00	0.26269298791885
979.00	0.26104798913002
980.00	0.26114699244499
981.00	0.26200398802757
982.00	0.2641429901123
983.00	0.26795101165771
984.00	0.27301099896431
985.00	0.27970498800278
986.00	0.28823700547218
987.00	0.29672101140022
988.00	0.30824801325798
989.00	0.32212400436401
990.00	0.33702901005745
991.00	0.35339000821114
992.00	0.37225699424744
993.00	0.39000099897385
994.00	0.40767800807953
995.00	0.4217149913311
996.00	0.4305340051651
997.00	0.43066799640656
998.00	0.4216659963131
999.00	0.40360099077225
1000.00	0.37343499064445
