wl,ex,wl,em,Data copyright Molecular Probes
400,3.705112338,540,0.542426824
401,3.766716023,541,0.609924622
402,3.83166942,542,0.719705418
403,3.875320714,543,0.919817245
404,3.890744381,544,1.104543901
405,3.915696222,545,1.338615679
406,3.905562859,546,1.601500861
407,3.849698693,547,1.94017092
408,3.882834092,548,2.335802869
409,3.839319781,549,2.828663406
410,3.81732171,550,3.368448877
411,3.753861529,551,4.026598847
412,3.742280982,552,4.747809293
413,3.684949288,553,5.697721828
414,3.661813336,554,6.833309826
415,3.589901765,555,8.043197413
416,3.549849974,556,9.546376838
417,3.576584897,557,11.20657386
418,3.521130976,558,12.99155243
419,3.488381302,559,15.03379036
420,3.474046688,560,17.3516799
421,3.435488646,561,20.04073575
422,3.417134053,562,22.84405773
423,3.395303005,563,25.87173219
424,3.405104376,564,29.21945299
425,3.394987035,565,32.87337004
426,3.382913739,566,36.53829775
427,3.340586815,567,40.45585991
428,3.3287847,568,44.65901924
429,3.224027129,569,48.89708065
430,3.205520999,570,53.23710202
431,3.152912639,571,57.85779047
432,3.139392346,572,62.53685718
433,3.065045532,573,66.77115044
434,2.987676792,574,71.42269603
435,2.918281488,575,75.37509602
436,2.814169606,576,79.00314283
437,2.753816739,577,82.49860857
438,2.697053342,578,85.95553395
439,2.594370476,579,89.08962114
440,2.499333058,580,91.77162793
441,2.426327875,581,94.46759402
442,2.373878941,582,96.353066
443,2.23352941,583,97.96049322
444,2.173473167,584,98.82673282
445,2.113264929,585,99.41294874
446,2.046453129,586,99.82005584
447,1.988733444,587,100
448,1.93105216,588,99.45864716
449,1.862903412,589,99.02952625
450,1.864120466,590,97.89505422
451,1.847694465,591,96.43482678
452,1.84953843,592,94.92639848
453,1.851396724,593,92.81057459
454,1.874022268,594,91.05138608
455,1.898274804,595,89.15188687
456,1.93719115,596,87.29372194
457,1.992957002,597,85.1040233
458,2.023522672,598,82.79807418
459,2.137382545,599,80.5834798
460,2.191496373,600,77.92638068
461,2.289949509,601,75.42229546
462,2.463250694,602,72.76395398
463,2.572078874,603,70.02087884
464,2.7036116,604,67.75299314
465,2.896425349,605,65.51666521
466,3.092556967,606,63.47678397
467,3.282525591,607,61.38056899
468,3.445868813,608,59.14725021
469,3.701108934,609,56.67908018
470,3.906877029,610,54.56855982
471,4.1917889,611,52.76888432
472,4.463841785,612,50.95920302
473,4.776682122,613,49.36248016
474,5.112279547,614,48.14096216
475,5.367242379,615,46.68949574
476,5.735259382,616,45.31550175
477,6.112832613,617,44.04417174
478,6.411488674,618,42.97449872
479,6.735641128,619,42.03547102
480,7.118729597,620,40.91670007
481,7.4379735,621,40.16211966
482,7.745781288,622,39.23760156
483,8.10319075,623,38.62720293
484,8.449001513,624,37.90764615
485,8.871053347,625,37.4158818
486,9.24066281,626,36.95923862
487,9.614692002,627,36.48045901
488,9.995450224,628,36.0282205
489,10.42960404,629,35.48168991
490,10.85206147,630,34.99945897
491,11.34920406,631,34.87076821
492,11.83293208,632,34.31209453
493,12.45968773,633,33.68294225
494,12.92995031,634,33.35046096
495,13.59089843,635,33.00480478
496,14.18815303,636,32.46544867
497,14.95869544,637,32.22596695
498,15.73823675,638,31.8118268
499,16.545178,639,31.54294304
500,17.46045708,640,31.27504802
501,18.40187487,641,30.7477669
502,19.43752898,642,30.29846489
503,20.36709281,643,29.811876
504,21.53476669,644,29.26656442
505,22.71450708,645,28.84959054
506,23.75726111,646,28.25850431
507,24.98321313,647,27.66610599
508,26.34331269,648,27.03977748
509,27.61652548,649,26.34773095
510,28.82966594,650,25.91081604
511,30.1203915,651,25.15008205
512,31.12506598,652,24.66005666
513,32.20819785,653,24.36254672
514,33.1069813,654,23.63901208
515,34.09678097,655,23.24590413
516,35.07772368,656,22.56836399
517,35.95682641,657,21.96893723
518,36.38474968,658,21.56625158
519,36.95479348,659,20.73488653
520,37.31882489,660,20.1871185
521,37.79014526,661,19.39416103
522,38.026539,662,18.80090518
523,38.25968029,663,18.40341436
524,38.25456831,664,17.74633021
525,38.50011164,665,17.14724351
526,38.49043671,666,16.77263865
527,38.5793705,667,16.11483588
528,38.91050281,668,15.92163765
529,39.12790959,669,15.3895881
530,39.30370123,670,15.05049149
531,39.74893778,671,14.50782036
532,40.2734108,672,14.10595903
533,41.02263155,673,13.60318743
534,41.84326143,674,13.12188888
535,42.88265229,675,12.70924435
536,44.200584,676,12.40691914
537,45.71912473,677,11.9959792
538,47.2329445,678,11.45376546
539,49.09466684,679,11.13606164
540,51.23384847,680,10.85830016
541,53.59009257,681,10.55240218
542,55.97325991,682,10.27049143
543,58.68590618,683,10.04019509
544,61.50958829,684,9.65407519
545,64.52263395,685,9.447754778
546,67.48414778,686,9.170278723
547,70.52737077,687,8.866144417
548,73.86857507,688,8.718412209
549,77.03890953,689,8.524713006
550,80.65138149,690,8.143736822
551,83.92451294,691,7.91595378
552,86.98039176,692,7.793509025
553,89.55938778,693,7.551748173
554,91.94880394,694,7.346552493
555,94.34327964,695,7.172973213
556,96.36529429,696,6.955846528
557,97.81969268,697,6.850995461
558,99.01075712,698,6.612691865
559,99.42066937,699,6.423672302
560,100,700,6.355944453
561,99.5201312,,
562,98.92556065,,
563,97.28474386,,
564,95.4161102,,
565,92.51625866,,
566,89.46327242,,
567,86.1984583,,
568,82.6754364,,
569,78.42440168,,
570,74.28244319,,
571,69.79707816,,
572,65.08215828,,
573,60.3639046,,
574,56.12845062,,
575,51.83013267
576,47.66600174
577,43.60290515
578,39.74749437
579,35.83865413
580,32.25686838
581,28.86973221
582,25.73053256
583,22.78911731
584,20.23002325
585,18.04586446
586,15.88704601
587,13.90785988
588,12.14077987
589,10.4187584
590,9.106646795
591,7.889487123
592,6.938222587
593,6.099562977
594,5.266870292
595,4.580210808
596,3.962978339
597,3.479709796
598,3.017599447
599,2.57162743
600,2.21385091
601,1.942227821
602,1.690723378
603,1.453307247
604,1.296173315
605,1.164717744
606,1.037266649
607,0.94780193
608,0.857392828
609,0.804963537
610,0.714717753
