wl,abs,wl,em,Data copyright Molecular Probes
300,100,500,0.273474137
301,97.56630231,501,0.264701198
302,95.22502352,502,0.255985054
303,93.1378967,503,0.251167939
304,91.13933799,504,0.243718562
305,89.12922693,505,0.239058469
306,87.09601113,506,0.231104397
307,85.21297605,507,0.229312751
308,83.21056656,508,0.221554029
309,81.15039526,509,0.221559091
310,79.15953813,510,0.215931816
311,77.24569674,511,0.210346323
312,75.34725851,512,0.209865564
313,73.56434391,513,0.208348003
314,71.80068324,514,0.208870393
315,70.18720328,515,0.204519946
316,68.60838041,516,0.201400384
317,67.08346857,517,0.200757584
318,65.72414059,518,0.200581109
319,64.33015552,519,0.199008899
320,63.12485903,520,0.200519274
321,61.95036885,521,0.200111374
322,60.87599914,522,0.198805335
323,59.8747944,523,0.199444167
324,58.8889928,524,0.202865482
325,57.96865459,525,0.205298362
326,57.12533213,526,0.204712014
327,55.73519785,527,0.208450611
328,55.26540177,528,0.212677689
329,54.7647994,529,0.221033548
330,54.09091159,530,0.222638488
331,53.43242693,531,0.229259903
332,52.84325645,532,0.230020453
333,52.22327966,533,0.236991644
334,51.68416941,534,0.245406507
335,51.12195444,535,0.248628741
336,50.53663474,536,0.251988736
337,49.98212134,537,0.256377876
338,49.4738174,538,0.260213247
339,48.98861817,539,0.263657512
340,48.46876186,540,0.270594901
341,48.01436894,541,0.269558292
342,47.60618546,542,0.273622064
343,47.15564333,543,0.277641975
344,46.71665356,544,0.284502193
345,46.25070827,545,0.283596526
346,45.83867401,546,0.282204008
347,45.43434132,547,0.287293857
348,44.99150076,548,0.28639945
349,44.64878068,549,0.288625184
350,44.2097909,550,0.287848934
351,43.85936924,551,0.289726115
352,43.43963341,552,0.283956361
353,43.05070387,553,0.289996876
354,42.65022197,554,0.277878033
355,42.25359086,555,0.274415301
356,41.96093101,556,0.267166657
357,41.56815069,557,0.26127585
358,41.21772903,558,0.250536571
359,40.97127863,559,0.245224305
360,40.55924437,560,0.234236013
361,40.21652428,561,0.227918775
362,39.89690892,562,0.218373211
363,39.58499513,563,0.208860034
364,39.26923056,564,0.201374946
365,38.90725653,565,0.190641244
366,38.59110688,566,0.183462993
367,38.2718766,567,0.177059769
368,37.97536596,568,0.172344296
369,37.66691788,569,0.166291213
370,37.37079233,570,0.164730435
371,37.0704309,571,0.161750435
372,36.75466633,572,0.159120683
373,36.49281278,573,0.160745163
374,36.19206628,574,0.161709426
375,35.85743285,575,0.155094875
376,35.57208949,576,0.162201489
377,35.25285921,577,0.16007877
378,34.97906822,578,0.161819284
379,34.57512061,579,0.166733044
380,34.34792415,580,0.169529876
381,33.87812808,581,0.172579582
382,33.78185839,582,0.175366978
383,33.41218279,583,0.184996961
384,33.10373471,584,0.186148081
385,32.93815085,585,0.194381364
386,32.62662214,586,0.201271352
387,32.35321623,587,0.210035261
388,32.16837843,588,0.2195846
389,31.86031543,589,0.228060247
390,31.64467134,590,0.236275084
391,31.36702956,591,0.24069275
392,31.05935164,592,0.255045391
393,30.81290124,593,0.267716715
394,30.57030163,594,0.272926888
395,30.31229887,595,0.290718304
396,30.05044532,596,0.306809957
397,29.85790594,597,0.316496349
398,29.58450003,598,0.325327605
399,29.31879569,599,0.335963505
400,29.09930081,600,0.342631291
401,28.84899962,601,0.34996933
402,28.59099686,602,0.352729701
403,28.3638004,603,0.362293839
404,28.10579764,604,0.370155855
405,27.86319802,605,0.379509802
406,27.58979211,606,0.377184184
407,27.38184959,607,0.387828877
408,27.12384683,608,0.3933449
409,26.94247474,609,0.400308241
410,26.69255863,610,0.41341775
411,26.45766059,611,0.420725977
412,26.24201649,612,0.433489742
413,26.01482003,613,0.450539268
414,25.76066806,614,0.464899416
415,25.53347159,615,0.484205282
416,25.27508375,616,0.506523319
417,25.04442158,617,0.529337451
418,24.83262827,618,0.559494127
419,24.54767,619,0.583288651
420,24.32817511,620,0.626044371
421,24.07017235,621,0.669664878
422,23.88533455,622,0.712700281
423,23.71204911,623,0.773854612
424,23.4078369,624,0.821403125
425,23.2229991,625,0.88593832
426,22.96114555,626,0.943247435
427,22.73779988,627,1.025166961
428,22.53370814,628,1.103546906
429,22.31421326,629,1.192936592
430,22.10627073,630,1.290248134
431,21.83286482,631,1.39722848
432,21.67113175,632,1.512458839
433,21.42083056,633,1.639386135
434,21.20903725,634,1.773794101
435,20.97799,635,1.933902898
436,20.75464432,636,2.107639391
437,20.49279078,637,2.315002219
438,20.29254983,638,2.503140254
439,20.06150258,639,2.758620613
440,19.92287423,640,3.012936983
441,19.66102068,641,3.303853896
442,19.42227185,642,3.618062805
443,19.20662776,643,3.983314552
444,19.01408838,644,4.372714288
445,18.75993641,645,4.806715138
446,18.5481431,646,5.247240931
447,18.31709585,647,5.778088328
448,18.08219781,648,6.331289367
449,17.88580765,649,7.013326154
450,17.55977431,650,7.728991636
451,17.34284661,651,8.48700661
452,17.1253688,652,9.303647612
453,16.90844111,653,10.22232753
454,16.69444735,654,11.24125503
455,16.47751965,655,12.32949078
456,16.26444275,656,13.49891939
457,16.04678157,657,14.85831234
458,15.83792219,658,16.15803539
459,15.62576214,659,17.68095361
460,15.41818635,660,19.35006961
461,15.21464473,661,21.09289136
462,15.01440378,662,22.95162853
463,14.81526305,663,24.96194158
464,14.61905626,664,27.05970926
465,14.42670026,665,29.27135629
466,14.23929527,666,31.63429481
467,14.05317387,667,34.07688707
468,13.86741922,668,36.69790502
469,13.69356533,669,39.13742913
470,13.51571396,670,41.69616008
471,13.34756291,671,44.42759908
472,13.17592781,672,47.31452289
473,13.01674359,673,49.92715013
474,12.85466211,674,52.71699038
475,12.7000805,675,55.6581648
476,12.5473326,676,58.54163139
477,12.39806874,677,61.37630912
478,12.24953836,678,64.17864718
479,12.10779271,679,66.90421756
480,11.97026459,680,69.84346572
481,11.83640388,681,72.57361913
482,11.7080443,682,75.20232193
483,11.57675078,683,77.49156562
484,11.45499255,684,79.94101592
485,11.33506802,685,82.30506909
486,11.21972777,686,84.55089238
487,11.10347066,687,86.65184082
488,10.99784906,688,88.6489635
489,10.89459294,689,90.39250334
490,10.79229036,690,92.03662565
491,10.69602067,691,93.5577967
492,10.60378514,692,94.81429947
493,10.5139151,693,95.78589679
494,10.42811588,694,97.17943362
495,10.34614912,695,97.96121996
496,10.26564933,696,98.3181123
497,10.18734998,697,99.0326597
498,10.10905063,698,99.61434617
499,10.03460208,699,99.57719227
500,9.960336889,700,99.44613407
501,9.891756197,701,99.78936162
502,9.819874831,702,100
503,9.750744027,703,99.70768724
504,9.681429852,704,99.53530927
505,9.613399273,705,99.00443292
506,9.546102178,706,98.44319399
507,9.476604632,707,97.50681124
508,9.403989783,708,95.97645245
509,9.331741675,709,95.3767367
510,9.260043679,710,94.69804904
511,9.187795571,711,93.44408895
512,9.109496225,712,92.09292842
513,9.031930363,713,90.80621965
514,8.951430568,714,89.52098522
515,8.870930772,715,87.9525981
516,8.787130301,716,86.3182068
517,8.697278593,717,84.9480988
518,8.612561269,718,83.84898607
519,8.524176527,719,82.56279914
520,8.436158528,720,80.8869937
521,8.34630682,721,79.10475827
522,8.258655562,722,77.4100075
523,8.170454191,723,75.75811605
524,8.078402033,724,74.4584196
525,7.987633471,725,72.48272164
526,7.900348955,726,71.10600441
527,7.809397022,727,69.35104024
528,7.722112505,728,67.63765665
529,7.635928214,729,65.86207721
530,7.552494485,730,64.450945
531,7.466860306,731,62.50691838
532,7.381592869,732,61.0718784
533,7.302009928,733,59.30340943
534,7.220593278,734,57.8582127
535,7.142477303,735,56.17199656
536,7.064177958,736,54.53967479
537,6.988629175,737,53.12983976
538,6.912897021,738,52.04901969
539,6.838631834,739,50.46022963
540,6.766200355,740,48.95574176
541,6.696152697,741,47.56538418
542,6.623354476,742,46.54886917
543,6.550556255,743,45.07304305
544,6.484909497,744,43.77473086
545,6.414861839,745,42.57056854
546,6.346097777,746,41.31321708
547,6.280451019,747,39.83120382
548,6.214987632,748,38.70220188
549,6.149890986,749,37.67717197
550,6.086077936,750,36.67608501
551,6.022631628,751,35.47067913
552,5.963036108,752,34.41155189
553,5.904540812,753,33.26222165
554,5.844945291,754,32.22811062
555,5.787916962,755,31.22293715
556,5.731805488,756,30.12116593
557,5.676977609,757,29.37499438
558,5.621966359,758,28.64354181
559,5.570072413,759,27.65974116
560,5.518361838,760,26.753745
561,5.469768568,761,25.99882242
562,5.420075072,762,25.14105253
563,5.374048993,763,24.27800706
564,5.327472802,764,23.48760588
565,5.284013914,765,22.75337814
566,5.242388735,766,21.92174877
567,5.20168041,767,21.24456226
568,5.160055231,768,20.73207036
569,5.121730727,769,20.04568304
570,5.081572515,770,19.23588163
571,5.042147786,771,18.73346476
572,5.003639911,772,18.11807881
573,4.96604889,773,17.45066212
574,4.929924836,774,16.82016169
575,4.892517186,775,16.27602977
576,4.854926166,776,15.9309935
577,4.816785033,777,15.3864324
578,4.780660979,778,14.90594386
579,4.740319395,779,14.47946357
580,4.704745454,780,13.94838668
581,4.665320725,781,13.55634604
582,4.629196671,782,13.07859728
583,4.589038458,783,12.76310363
584,4.552547663,784,12.34090009
585,4.509822259,785,11.96575691
586,4.46819708,786,11.57274188
587,4.429505834,787,11.21113803
588,4.389347622,788,10.90726217
589,4.348272555,789,10.56008646
590,4.310314793,790,10.19151991
591,4.270523322,791,9.870972227
592,4.229081514,792,9.648640768
593,4.19075701,793,9.305336436
594,4.150048685,794,8.962949654
595,4.112457664,795,8.63996268
596,4.073949789,796,8.445166724
597,4.03672551,797,8.19897897
598,4.000784827,798,7.960727015
599,3.965210886,799,7.639683239
600,3.930553798,800,7.437856595
601,3.896263453,801,7.05916032
602,3.865640523,802,6.873694289
603,3.834284111,803,6.600913033
604,3.805128149,804,6.373194241
605,3.777072411,805,6.091801572
606,3.74809982,806,5.860295044
607,3.722978016,807,5.63185774
608,3.698039582,808,5.476925227
609,3.674384745,809,5.215427818
610,3.653113728,810,5.013586161
611,3.629458891,811,4.773888603
612,3.606537537,812,4.598316582
613,3.582332587,813,4.343026253
614,3.559961345,814,4.209123605
615,3.537039991,815,3.964658134
616,3.513751896,816,3.838260177
617,3.4860629,817,3.600289192
618,3.459840871,818,3.385645162
619,3.430318167,819,3.223089994
620,3.400795463,820,3.022899841
621,3.365588263,821,2.916129042
622,3.330747805,822,2.737736595
623,3.292790042,823,2.578194886
624,3.254282167,824,2.424021636
625,3.213757213,825,2.306751992
626,3.169381472,826,2.115235451
627,3.123905505,827,1.952525856
628,3.074028639,828,1.842248293
629,3.025435368,829,1.623617061
630,2.970974231,830,1.527934932
631,2.918713544,831,1.408245941
632,2.861135102,832,1.313327364
633,2.809057786,833,1.205325445
634,2.74836204,834,1.109062071
635,2.692984049,835,0.964587654
636,2.634122011,836,0.851356687
637,2.576910311,837,0.81192435
638,2.520248724,838,0.75388793
639,2.464870733,839,0.667585056
640,2.410042854,840,0.595639541
641,2.355948458,841,0.554810933
642,2.306071592,842,0.484707811
643,2.255827983,843,0.407125735
644,2.208518309,844,0.383860978
645,2.160108409,845,0.358683051
646,2.117199634,846,0.304438655
647,2.075024342,847,0.27804462
648,2.034316018,848,0.270398372
649,1.994891289,849,0.227512891
650,1.960600943,850,0.198189045
651,1.925393743
652,1.893303847
653,1.861213952
654,1.83444181
655,1.806386073
656,1.778513706
657,1.75522561
658,1.730287177
659,1.708466048
660,1.685159615
661,1.663356823
662,1.642085807
663,1.622281757
664,1.599360403
665,1.577355903
666,1.555534774
667,1.532980161
668,1.509692065
669,1.486220599
670,1.462565761
671,1.436710474
672,1.412120445
673,1.387200349
674,1.359144612
675,1.331272245
676,1.302464687
677,1.273693804
678,1.245986471
679,1.21556525
680,1.183640388
681,1.151018717
682,1.120029046
683,1.086655554
684,1.055115771
685,1.022109021
686,0.987085192
687,0.953711701
688,0.922171917
689,0.887881572
690,0.85450808
691,0.821868072
692,0.789228064
693,0.758055022
694,0.725965127
695,0.694975456
696,0.663985785
697,0.634463081
698,0.604757006
699,0.576334527
700,0.546811823
701,0.521506648
702,0.494917877
703,0.469979444
704,0.445774494
705,0.421386173
706,0.39864819
707,0.376276949
708,0.357206382
709,0.335935365
710,0.316864799
711,0.299994682
712,0.282024341
713,0.266254449
714,0.249200962
715,0.233614441
716,0.218761403
717,0.206292187
718,0.193272858
719,0.18062027
720,0.168517795
721,0.158982512
722,0.147246779
723,0.137711495
724,0.127992841
725,0.121391491
726,0.111856208
727,0.1056216
728,0.0968198
729,0.092785641
730,0.085084066
731,0.080133054
732,0.073164962
733,0.068947433
734,0.063446308
735,0.05941215
736,0.055561362
737,0.05061035
738,0.047493046
739,0.044559112
740,0.041258437
741,0.039424729
742,0.036307425
743,0.031723154
744,0.031723154
745,0.027872367
746,0.027505625
747,0.025121804
748,0.02420495
749,0.021454387
750,0.020354162
