wl,ex,wl,em,Data copyright Molecular Probes
300,19.35319615,420,0.389675633
301,19.81064959,421,0.413201555
302,19.02025414,422,0.221910043
303,18.28728833,423,0.437372675
304,17.35810518,424,0.223419389
305,16.91953272,425,0.421413235
306,16.01811877,426,0.234247765
307,15.65045453,427,0.441056731
308,15.12458274,428,0.244799759
309,14.83618256,429,0.472762739
310,14.24700943,430,0.265547534
311,14.40363223,431,0.493464673
312,13.8252557,432,0.289544093
313,13.97107182,433,0.5077436
314,13.5529742,434,0.325455028
315,13.64596858,435,0.556179132
316,13.65625182,436,0.38849598
317,13.71880443,437,0.615183473
318,13.4679993,438,0.434885972
319,13.84892567,439,0.699689706
320,13.72544693,440,0.522069998
321,14.12416154,441,0.76311869
322,13.88379135,442,0.654270903
323,14.44447805,443,0.886042577
324,14.33552918,444,0.735189181
325,14.54889818,445,1.010575833
326,14.66171375,446,0.90290834
327,15.26198042,447,1.207544469
328,15.21052144,448,1.121805454
329,15.66832816,449,1.443525247
330,15.86254448,450,1.393565358
331,16.41464749,451,1.771988344
332,16.53500514,452,1.73397296
333,17.18091776,453,2.10873042
334,17.59871992,454,2.161100469
335,18.42781365,455,2.619071849
336,18.65389443,456,2.822940539
337,19.60722806,457,3.420068652
338,20.21934456,458,3.65447458
339,21.08018793,459,4.325190197
340,21.81004176,460,4.695293535
341,22.89095821,461,5.503007544
342,23.63448246,462,5.786477354
343,24.79533321,463,6.571672726
344,25.4681559,464,7.044073003
345,26.76048642,465,7.798367599
346,27.60874433,466,8.377046654
347,28.89845671,467,9.3378608
348,29.85498444,468,9.94941912
349,31.27979148,469,10.91247832
350,32.44154782,470,11.50308465
351,33.58286191,471,12.6536064
352,34.45270868,472,13.57498365
353,35.77457216,473,14.91918326
354,36.80767726,474,15.94989954
355,38.17901219,475,17.30808205
356,39.8012225,476,18.44853124
357,41.47662765,477,19.99091116
358,42.73263306,478,21.39055513
359,44.18398204,479,23.21379375
360,45.36913125,480,24.69263636
361,47.02552181,481,26.85110201
362,48.16818022,482,28.54836012
363,49.55218049,483,30.65901419
364,50.69694797,484,32.48993966
365,52.56644953,485,34.49921701
366,53.59319459,486,36.20737986
367,55.76570765,487,38.66092981
368,56.89501398,488,40.19260271
369,58.51072033,489,42.39482752
370,59.77593839,490,44.40379407
371,61.03065597,491,46.65473155
372,62.42928289,492,48.73256006
373,63.92508955,493,51.36877156
374,65.56844749,494,53.42583277
375,67.06263596,495,56.20130304
376,68.47715011,496,58.64062594
377,69.46685544,497,61.25917821
378,70.80628527,498,63.63814939
379,72.30816533,499,66.09708111
380,73.31536323,500,68.27340107
381,74.68682361,501,70.6428923
382,75.63131838,502,72.70450434
383,76.83254627,503,75.0048168
384,78.30980594,504,76.65974112
385,79.40060651,505,78.48050588
386,80.37729279,506,80.50752102
387,82.08960733,507,82.63270444
388,83.01370979,508,84.15706874
389,84.64160257,509,85.96757338
390,85.8141595,510,87.67610837
391,87.3477425,511,89.2271669
392,88.62987646,512,89.96380142
393,90.26094908,513,91.08686761
394,91.64807128,514,92.22163214
395,93.14054192,515,94.09429593
396,94.02454791,516,94.64735563
397,95.42560994,517,95.53114552
398,96.33767812,518,96.52445054
399,97.12534545,519,98.19346798
400,97.95367499,520,98.6728001
401,98.95590723,521,99.42080546
402,99.09493546,522,98.90137232
403,99.64331173,523,98.63329211
404,100,524,98.65221979
405,99.86756367,525,99.80968662
406,99.7353023,526,100
407,99.8797826,527,99.91216038
408,99.58958219,528,99.2639351
409,99.95658405,529,98.89526326
410,99.21644078,530,98.13229716
411,98.76341672,531,97.29667072
412,97.71099202,532,96.66124126
413,97.25059201,533,96.34295164
414,96.7379159,534,96.23282868
415,96.31205535,535,95.88686415
416,94.91021624,536,95.11497946
417,94.20163594,537,94.56659738
418,93.20296137,538,93.89207372
419,92.05657729,539,93.27120078
420,90.48266216,540,91.57668164
421,89.5735253,541,90.66195108
422,88.14227555,542,89.95964527
423,86.61476691,543,89.158273
424,85.40664856,544,88.21985902
425,84.18503694,545,87.10809089
426,82.36964574,546,84.90925584
427,81.08857209,547,84.2956175
428,79.23937094,548,82.68328485
429,77.67778034,549,81.7285514
430,75.34355204,550,80.49233941
431,73.59833039,551,79.50998919
432,72.01774745,552,78.31355716
433,70.17119476,553,77.33249661
434,67.90177653,554,75.83860611
435,66.44801266,555,74.76097435
436,64.01958231,556,73.49431137
437,62.38700503,557,72.65631416
438,60.25767018,558,71.32781323
439,58.95568505,559,70.44593702
440,56.40009915,560,69.07541881
441,54.80476939,561,68.46674991
442,52.66338438,562,67.13539719
443,51.08458063,563,65.92398331
444,48.78634361,564,64.83296997
445,46.64261987,565,64.42681406
446,44.56335079,566,63.562109
447,43.07968916,567,62.81380813
448,40.77557116,568,61.27644547
449,39.51185803,569,60.14377493
450,37.91844885,570,58.72090149
451,36.21979778,571,58.04288272
452,34.4070339,572,56.99307565
453,32.72693569,573,55.84123899
454,31.07072859,574,54.98330757
455,29.55457368,575,54.00232593
456,27.64787479,576,52.57387977
457,26.20765321,577,51.64337115
458,24.57907611,578,49.80811811
459,23.49909706,579,49.64387482
460,22.0428983,580,48.1938015
461,21.08178939,581,47.71235798
462,19.66509625,582,46.97873557
463,18.68428989,583,45.80914025
464,17.31473188,584,44.67079602
465,16.45285798,585,44.3253037
466,15.39076621,586,43.33920017
467,14.61202571,587,42.81043549
468,13.64240039,588,41.6278575
469,13.11526447,589,41.22729698
470,12.02535265,590,39.90272287
471,11.35980833,591,39.4340166
472,10.5533285,592,38.78901753
473,10.11122045,593,38.00724736
474,9.314811717,594,37.07115008
475,8.840069907,595,36.32759851
476,8.062572796,596,35.81800725
477,7.609561002,597,35.07662619
478,6.896766697,598,33.8340573
479,6.622974773,599,33.99082931
480,6.021390689,600,32.59663286
481,5.755680553,601,32.42476596
482,5.199349953,602,31.61447641
483,4.984374964,603,31.04485484
484,4.433973056,604,30.19790282
485,4.222226842,605,29.77677621
486,3.738627979,606,29.37488962
487,3.768433267,607,28.92918166
488,3.243645268,608,28.24667572
489,3.229192438,609,27.66284006
490,2.820153212,610,26.93771635
491,2.850440826,611,26.63995235
492,2.505025321,612,25.86656403
493,2.597087568,613,25.27317094
494,2.357331776,614,24.92478933
495,2.478865566,615,24.69544362
496,2.149672401,616,23.69150728
497,2.225877216,617,23.54932504
498,1.888748263,618,23.01171104
499,1.983494022,619,22.4100117
500,1.665212916,620,22.21268834
501,1.801854751,621,21.86658574
502,1.486933312,622,21.06212249
503,1.677642527,623,21.02441646
504,1.318995322,624,20.10330704
505,1.46213227,625,19.80829584
506,1.222895189,626,19.3095169
507,1.406149508,627,19.28650791
508,1.116038315,628,18.75356483
509,1.262667737,629,18.38816923
510,1.040650771,630,18.01037967
,,631,17.661038
,,632,17.20316541
,,633,16.96363229
,,634,16.26464711
,,635,15.98732778
,,636,15.26354267
,,637,15.33747696
,,638,14.59971183
,,639,14.27969365
,,640,13.86763793
,,641,13.84547808
,,642,13.26254821
,,643,13.29357585
,,644,12.64123057
,,645,12.27071246
,,646,12.13322954
,,647,11.92331187
,,648,11.45650239
,,649,11.39967938
,,650,11.16619961
,,651,11.06812434
,,652,10.64750349
,,653,10.52549949
,,654,10.20037805
,,655,10.51571765
,,656,10.07797223
,,657,10.15353279
,,658,9.729974488
,,659,9.818116285
,,660,9.392848882
,,661,9.505914656
,,662,9.161895013
,,663,9.192192815
,,664,8.807973542
,,665,8.829859728
,,666,8.489647954
,,667,8.416931451
,,668,8.18967572
,,669,8.158067183
,,670,7.953841218
,,671,8.104116337
,,672,7.889508659
,,673,7.770039792
,,674,7.252250209
,,675,7.405576906
,,676,7.200907825
,,677,6.969695887
,,678,6.643806415
,,679,6.576332838
,,680,6.53153997
,,681,6.654754091
,,682,6.209219547
,,683,6.248725025
,,684,6.031754232
,,685,5.916375462
,,686,5.653501261
,,687,5.744005268
,,688,5.310050756
,,689,5.613339442
,,690,5.089716267
,,691,5.321647349
,,692,5.024980613
,,693,4.839846632
,,694,4.729618898
,,695,4.734120658
,,696,4.499274676
,,697,4.664460224
,,698,4.356362731
,,699,4.225635696
,,700,4.160281322
