wl,ex,wl,em,Data copyright Molecular Probes
250,167.4942899,360,0.605467358,
251,169.5318534,361,0.548489389,
252,172.8100301,362,0.527757978,
253,177.1603924,363,0.532022517,
254,183.3470266,364,0.507666451,
255,191.1768572,365,0.542187753,
256,198.3206533,366,0.490421999,
257,208.828894,367,0.453268265,
258,218.2156531,368,0.50230034,
259,228.3172026,369,0.464551272,
260,236.7303679,370,0.504284789,
261,245.4886044,371,0.421014904,
262,251.3753553,372,0.42462741,
263,263.5263815,373,0.503810951,
264,267.8237508,374,0.506982018,
265,272.6876119,375,0.50924996
266,283.5162759,376,0.442280901
267,284.781537,377,0.493516119
268,285.7304829,378,0.625579135
269,283.9270749,379,0.546334845
270,288.5608886,380,0.542264701
271,285.4881115,381,0.542612992
272,288.1500896,382,0.665539446
273,286.5397571,383,0.749724607
274,282.3824704,384,0.73883444
275,278.3319914,385,0.689320428
276,269.3231674,386,0.780244614
277,272.2727049,387,0.873914628
278,260.3061275,388,0.910610724
279,262.5367665,389,1.041474972
280,256.6253677,390,1.112190183
281,256.0913289,391,1.272489065
282,249.1940122,392,1.359687348
283,249.5103275,393,1.648918678
284,234.2737894,394,1.936785194
285,228.6540579,395,2.162036287
286,214.202146,396,2.308731573
287,203.8376851,397,2.519342297
288,190.1950474,398,2.4999919
289,178.5571093,399,2.538526648
290,166.3235125,400,2.483889519
291,155.9960235,401,2.393054431
292,145.7794502,402,2.511679896
293,136.8979739,403,2.509654949
294,127.9713098,404,2.78001782
295,119.7553281,405,2.946201199
296,111.7776098,406,3.092795237
297,104.4448461,407,3.232812247
298,97.94189658,408,3.712473676
299,91.58272672,409,4.310302932
300,85.69597581,410,4.430625304
301,80.51990732,411,5.199416815
302,75.74642194,412,5.574437065
303,71.17012012,413,6.582820347
304,67.29628473,414,6.985501377
305,63.59909296,415,8.172080026
306,60.37021214,416,8.756439333
307,57.32619091,417,9.688482099
308,54.77512858,418,10.63056861
309,52.37606192,419,11.92009558
310,50.38779434,420,13.2960878
311,48.39541877,421,14.62178033
312,46.82205827,422,16.18184027
313,45.44998932,423,17.24080674
314,44.57087927,424,18.94022355
315,43.6589053,425,20.80163616
316,43.0755706,426,22.47456666
317,42.95233087,427,24.22112425
318,42.90714297,428,25.77551434
319,43.11665051,429,28.47217722
320,43.46172174,430,30.16717965
321,44.13954023,431,32.35428479
322,45.07205416,432,34.39968411
323,45.91419229,433,36.78551758
324,46.96994594,434,39.13312004
325,48.25574708,435,41.58026891
326,49.73462379,436,43.75182245
327,51.1231247,437,46.65802689
328,52.51573361,438,48.49141422
329,54.36843748,439,50.57872995
330,55.70764251,440,53.90247854
331,57.37959479,441,55.7808197
332,59.13370689,442,57.79442734
333,61.22878223,443,59.95342621
334,62.71587492,444,62.85234084
335,64.5233909,445,64.23537988
336,66.66365414,446,67.09582051
337,68.08091099,447,68.53879799
338,70.57856943,448,71.04689778
339,71.81507468,449,72.90296452
340,73.70475048,450,75.96427993
341,75.6272902,451,76.52073546
342,77.25405459,452,79.50105297
343,78.92600687,453,80.90920136
344,80.5322313,454,82.45423619
345,82.3274233,455,84.38239106
346,83.35852901,456,85.32723149
347,84.74292193,457,87.23311194
348,85.6548959,458,87.64498623
349,86.72297353,459,90.01498461
350,87.01053289,460,91.49886603
351,87.71299933,461,91.29394136
352,88.25525412,462,92.78551758
353,88.72767307,463,94.3192127
354,88.88377672,464,94.95747611
355,88.99880047,465,95.27741779
356,89.69715891,466,96.16312976
357,90.07920206,467,96.51466062
358,90.57216097,468,97.66645067
359,91.40197512,469,97.59719747
360,91.92779795,470,98.47480965
361,92.60972444,471,98.43309574
362,93.31219087,472,99.89470274
363,94.44599635,473,98.52664831
364,95.19775868,474,99.09403855
365,95.78930936,475,98.52583833
366,96.55339567,476,97.82966143
367,97.27229407,477,100
368,97.9295726,478,98.05281063
369,98.39377557,479,98.06698526
370,98.7429548,480,98.28810951
371,99.29342557,481,97.60489227
372,99.54401301,482,96.64668719
373,99.83978836,483,97.20881257
374,99.86032831,484,96.34820995
375,100,485,95.06196339
376,99.62206484,486,95.18143528
377,99.65903676,487,93.46832982
378,99.33861347,488,93.43714563
379,98.59506712,489,92.33921918
380,97.73238904,490,92.28535558
381,97.04635457,491,90.87396728
382,96.46301987,492,90.32115665
383,95.36618631,493,90.21626438
384,94.38437649,494,88.28122469
385,91.3239233,495,87.4040175
386,89.98882626,496,86.49805605
387,88.46065366,497,86.30042119
388,86.86264522,498,85.82374858
389,84.89491759,499,83.21723635
390,83.03399773,500,83.85630974
391,81.34972148,501,83.12408877
392,79.23410618,502,81.52721529
393,77.01168313,503,80.66094282
394,74.76872011,504,78.13583347
395,72.54629706,505,76.74550462
396,70.1431224,506,75.1769804
397,67.68243587,507,73.90288353
398,65.19299341,508,72.45869107
399,62.70355095,509,70.60302932
400,60.29216031,510,69.78778552
401,57.75752995,511,68.3998866
402,55.35435529,512,68.36505751
403,52.85669685,513,65.60545926
404,50.31795849,514,64.81653977
405,47.95997174,515,63.77774178
406,45.64717288,516,63.31564879
407,43.21935028,517,62.06220638
408,41.00103521,518,61.0614774
409,38.8032601,519,59.83030941
410,36.49456924,520,59.9923052
411,34.51451764,521,58.13097359
412,32.5098181,522,56.87186133
413,30.65711422,523,55.40579945
414,28.73457449,524,54.4577191
415,27.10370212,525,53.52948323
416,25.50158568,526,52.88919488
417,24.13732192,527,52.01360765
418,22.70404391,528,50.83954317
419,21.29089505,529,50.500162
420,20.01330989,530,48.99319618
421,18.83020852,531,47.67657541
422,17.86072268,532,47.45504617
423,16.85015693,533,45.49287219
424,15.65473158,534,45.26324316
425,14.6113019,535,44.52616232
426,13.71986789,536,43.12611372
427,12.90237771,537,42.91187429
428,12.10542748,538,41.49117123
429,11.4645809,539,40.71399644
430,10.66352268,540,39.75085048
431,10.10894392,541,39.17868135
432,9.381829535,542,37.82119715
433,8.478071545,543,36.89190831
434,8.276779992,544,36.74072574
435,7.677013326,545,35.2769318
436,7.101894605,546,34.88190507
437,6.580179766,547,34.54446784
438,6.132408762,548,32.77612182
439,5.725717666,549,32.88964037
440,5.41351036,550,31.94941682
441,5.010927256,551,31.47165074
442,4.608344151,552,30.2423457
443,4.41526858,553,29.75425239
444,3.971605567,554,29.78729953
445,3.577238444,555,29.26709056
446,3.429350773,556,28.44042605
447,3.076063559,557,27.42750688
448,3.022659678,558,27.3116799
449,2.698128399,559,25.88150008
450,2.628292555,560,24.99708408
451,2.164089587,561,24.53685404
452,2.073713788,562,25.03515309
453,2.003877943,563,24.44641989
454,1.921718126,564,23.03689454
455,1.728642555,565,22.96217398
456,1.617726802,566,22.04361737
457,1.515027031,567,22.19864734
458,1.400003286,568,21.38393002
459,1.289087533,569,20.95310222
460,1.128875889,570,20.48979427
461,1.120659908,571,20.35716021
462,0.931692328,572,19.76356715
463,0.833100547,573,18.96444192
464,0.779696666,574,18.28576057
465,0.672888903,575,17.8036611
466,0.652348949,576,17.89927912
467,0.525001232,577,17.57249312
468,0.664672922,578,17.02348939
469,0.426409452,579,16.87963713
470,0.574297123,580,15.76595659
471,0.459273379,581,15.52251741
472,0.41819347,582,15.43925158
473,0.430517443,583,15.17438847
474,0.315493698,584,15.27267941
475,0.27441379,585,14.66373724
476,0.327817671,586,13.88583347
477,0.340141644,587,13.08998866
478,0.241549863,588,13.31022193
479,0.22922589,589,13.40993034
480,0.245657854,590,12.97007128
481,0.270305799,591,12.78576057
482,0.175822009,592,12.39729467
483,0.221009908,593,12.19326098
484,0.241549863,594,11.72428317
485,0.17993,595,11.50976025
486,0.122418128,596,11.61801393
487,0.097770183,597,11.43013932
488,0.151174064,598,10.96573789
489,0.22922589,599,10.56236838
490,0.130634109
491,0.142958082
492,0.307277717
493,0.200469954
494,0.159390046
495,0.17993
496,0.184037991
497,0.167606027
498,0.122418128
499,0.060798265
500,0.03615032
