wl,abs,wl,em,Data copyright Molecular Probes
300,24.59536125,497,0.605749199
301,24.07775738,498,0.597043457
302,23.51710329,499,0.59673906
303,23.07992658,500,0.657009584
304,22.7932588,501,0.651165169
305,22.71983981,502,0.637832599
306,22.2693142,503,0.626265529
307,22.1691974,504,0.650495497
308,21.88887035,505,0.641789754
309,21.90188553,506,0.670829188
310,21.90188553,507,0.680021965
311,21.56515935,508,0.644651082
312,21.4216586,509,0.599722147
313,21.39128984,510,0.570439196
314,20.94076422,511,0.563133678
315,20.24995828,512,0.590772887
316,19.64959119,513,0.541643279
317,18.86200567,514,0.504933051
318,17.77740697,515,0.506637672
319,17.22009011,516,0.463474236
320,16.27532121,517,0.45781246
321,15.65459703,518,0.519544087
322,15.04054731,519,0.544869883
323,14.62372768,520,0.515465173
324,14.4635408,521,0.454037942
325,14.23660938,522,0.453124753
326,13.82279326,523,0.500488861
327,13.96262306,524,0.45160277
328,13.94627065,525,0.435713268
329,13.6689471,526,0.492818067
330,13.77607208,527,0.51041219
331,13.98631737,528,0.470353599
332,13.89954947,529,0.502193482
333,14.28666778,530,0.514369345
334,14.38311363,531,0.547244176
335,14.613716,532,0.599965664
336,14.60704155,533,0.573300523
337,14.69047222,534,0.688118914
338,14.75721675,535,0.721541659
339,14.89370933,536,0.70540864
340,14.95411313,537,0.766957629
341,15.12097447,538,0.769088405
342,15.22075755,539,0.792892218
343,15.28449858,540,0.887559555
344,15.4643751,541,1.034887501
345,15.56782913,542,1.109160267
346,15.40764225,543,1.139843443
347,15.34790589,544,1.25234842
348,15.17403638,545,1.37526376
349,14.94710496,546,1.484724771
350,14.60003337,547,1.668884703
351,14.48356416,548,1.8758135
352,14.18621725,549,2.005912599
353,14.10645753,550,2.245655348
354,14.0030035,551,2.4547758
355,13.81611881,552,2.695431738
356,13.69898215,553,3.053462998
357,13.68262973,554,3.436698296
358,13.61922243,555,3.765081329
359,13.63590856,556,4.150812678
360,13.63891206,557,4.545371528
361,13.69564492,558,4.996487263
362,13.74937427,559,5.640225156
363,13.96929751,560,6.267890909
364,13.99299182,561,7.076916146
365,14.06273986,562,8.200139535
366,14.25963624,563,9.148639286
367,14.24662106,564,9.982259767
368,14.22626397,565,11.2207277
369,14.29968296,566,12.1508419
370,14.32638078,567,13.03194825
371,14.27298515,568,14.07779403
372,14.38311363,569,14.97953846
373,14.18321375,570,16.16175391
374,14.22626397,571,17.0818839
375,14.28967128,572,17.56033445
376,14.08643417,573,17.70035687
377,14.12648089,574,17.89097001
378,14.14650425,575,17.85139846
379,13.99599533,576,17.29088259
380,13.95628233,577,16.82619077
381,13.96929751,578,16.3375125
382,13.89954947,579,15.75538447
383,13.78908727,580,14.81169419
384,14.01601869,581,14.09100484
385,13.74937427,582,13.45919929
386,13.67261805,583,12.70764413
387,13.54914066,584,11.79080162
388,13.45903554,585,11.21786637
389,13.34556983,586,10.73850264
390,13.14533623,587,10.21171391
391,12.97513766,588,9.644683957
392,12.77824128,589,9.032664188
393,12.55130986,590,8.889171639
394,12.35441348,591,8.468982597
395,12.10412148,592,7.973364081
396,11.9102286,593,7.502766965
397,11.62656433,594,7.236541714
398,11.37660604,595,7.132864238
399,11.04955782,596,6.865177883
400,10.85232772,597,6.46197417
401,10.60871016,598,6.213403921
402,10.2119139,599,6.197514419
403,10.01134657,600,5.961363551
404,9.607875855,601,5.744511425
405,9.260804272,602,5.515970471
406,8.907058235,603,5.389341493
407,8.64341732,604,5.185700179
408,8.346404138,605,5.262408118
409,8.032704822,606,5.382827406
410,7.728683464,607,4.916491842
411,7.485399633,608,4.700796423
412,7.211413316,609,4.649657797
413,6.961121308,610,4.5425102
414,6.727849157,611,4.557851788
415,6.530952778,612,4.565218185
416,6.2369431,613,4.497885661
417,5.956949775,614,4.421482119
418,5.760053396,615,4.280181226
419,5.589854831,616,4.13017459
420,5.409310863,617,3.988386662
421,5.199399299,618,4.14350716
422,5.025863507,619,4.163232059
423,4.959118972,620,3.90479936
424,4.798598365,621,3.82912637
425,4.688803604,622,3.858287562
426,4.608710162,623,3.806296626
427,4.551643584,624,3.901572756
428,4.441848824,625,3.955024796
429,4.43517437,626,3.860722735
430,4.411813783,627,3.643505334
431,4.43517437,628,3.346901304
432,4.508259636,629,3.560709463
433,4.458534957,630,3.684964148
434,4.658768563,631,3.552795152
435,4.765226097,632,3.455570884
436,4.835307859,633,3.441873037
437,5.049224095,634,3.382698342
438,5.176038712,635,3.22696905
439,5.332554647,636,3.176378338
440,5.502753212,637,3.236466224
441,5.636576005,638,3.245293724
442,5.823126981,639,3.178143838
443,6.003670949,640,3.293327505
444,6.160186885,641,3.181918356
445,6.410478892,642,3.175038993
446,6.667779076,643,3.18337946
447,6.881027866,644,3.188980357
448,7.185049224,645,3.410885465
449,7.501752044,646,3.513710631
450,7.855498081,647,3.651297886
451,8.209244118,648,3.784075675
452,8.700150175,649,3.953685451
453,9.046888036,650,4.08475862
454,9.487401969,651,4.361576872
455,9.977974303,652,4.715529218
456,10.55898548,653,4.948818759
457,11.20273653,654,5.380879268
458,11.90388787,655,5.81001757
459,12.49791423,656,6.282806342
460,13.21508426,657,6.732582732
461,13.99933255,658,7.216451539
462,14.87735692,659,7.278304925
463,15.6983147,660,8.000577136
464,16.62239279,661,8.689913637
465,17.46337394,662,9.263640315
466,18.37810779,663,10.60182857
467,19.31920574,664,11.61065972
468,20.17987652,665,11.82111952
469,20.98781912,666,12.70319994
470,21.86884699,667,13.79330498
471,22.56299016,668,14.65219038
472,23.41398298,669,16.03743834
473,24.17787419,670,17.69025091
474,25.13232104,671,18.76367502
475,26.12714834,672,20.14514847
476,27.13131987,673,21.61112241
477,28.27932588,674,23.41534183
478,29.55748373,675,25.39471105
479,30.78558318,676,27.59336756
480,32.24094777,677,29.89484924
481,33.755715,678,33.3299038
482,35.48139496,679,35.17259895
483,37.19005506,680,36.92988042
484,39.02219256,681,39.91199286
485,40.98414817,682,42.96521234
486,43.22676456,683,46.34882387
487,45.52277657,684,48.56708353
488,47.96896379,685,51.26933375
489,50.56232271,686,54.91016039
490,53.27215084,687,58.17371791
491,55.97530452,688,60.92454983
492,58.68179543,689,64.51813412
493,61.27114967,690,68.78583509
494,63.60387118,691,71.54744264
495,65.56649424,692,76.12867209
496,67.2317704,693,80.31162905
497,68.30268647,694,83.70972985
498,68.70982813,695,85.58231675
499,68.48623394,696,88.55876741
500,67.78541632,697,93.15052898
501,66.2472885,698,95.97715565
502,64.41515101,699,96.452646
503,62.16552645,700,97.70048204
504,59.63924579,701,98.27948964
505,57.17670616,702,100
506,54.67678959,703,99.26226444
507,52.40113466,704,98.295619
508,50.49858168,705,97.12551854
509,48.89370933,706,96.32885546
510,47.64892374,707,95.78319414
511,46.80760888,708,94.03687095
512,46.43050225,709,92.49832886
513,46.2870015,710,91.05603698
514,46.49724679,711,88.374851
515,46.9978308,712,84.12742284
516,47.73569164,713,83.04602355
517,48.71683631,714,80.86203895
518,49.86117137,715,79.16356689
519,51.08626731,716,77.60730893
520,52.44451861,717,75.41212253
521,53.98298014,718,70.87539587
522,55.45770065,719,68.70815308
523,57.11963958,720,68.19201823
524,58.71850492,721,64.77547099
525,60.20023361,722,61.89058282
526,61.80543968,723,61.18913134
527,63.26013683,724,59.11880842
528,64.71216419,725,57.65569581
529,66.12681462,726,55.05194832
530,67.45870182,727,52.60332133
531,68.74687135,728,50.55254068
532,69.9279159,729,48.09021584
533,71.0729184,730,44.99109336
534,72.09744702,731,43.24890996
535,73.141999,732,42.54057911
536,74.04638745,733,41.14924321
537,74.97380277,734,38.74487548
538,75.70498915,735,38.17376662
539,76.50892708,736,36.48850538
540,77.15634907,737,35.85419647
541,77.86050392,738,34.27797374
542,78.38478225,739,33.52605696
543,78.91840481,740,32.46474783
544,79.50942767,741,31.09818981
545,80.02669781,742,29.5818078
546,80.43016853,743,27.78769434
547,80.86434173,744,27.49102943
548,81.28149508,745,26.97903438
549,81.74169865,746,25.68291373
550,82.00200234,747,24.9412819
551,82.34907392,748,23.97220494
552,82.63307192,749,23.09335113
553,83.00350409,750,22.32621086
554,83.33355582,751,21.58409199
555,83.76772902,752,20.76009044
556,84.22125813,753,20.54981328
557,84.89571166,754,19.98302685
558,85.57650592,755,19.32437352
559,86.41047889,756,19.49660111
560,87.29851493,757,18.29618275
561,88.40647422,758,17.35584082
562,89.71767062,759,17.42530412
563,91.18638411,760,17.63180676
564,92.79826464,761,16.77523478
565,94.53362256,762,16.75873649
566,96.29901552,763,17.41306738
567,97.88753546,764,16.46432411
568,99.22910062,765,15.55764845
569,99.98331387,766,16.10318801
570,100,767,15.07591042
571,99.01184716,768,14.62430765
572,96.97313532,769,14.55721864
573,93.72935091,770,13.38078673
574,89.28416486,771,13.5348114
575,83.94760554,772,13.1998534
576,77.76038712,773,13.3838307
577,71.00617387,,
578,64.09811447,,
579,57.27982646,,
580,50.75221091,,
581,44.64208243,,
582,39.3288837,,
583,34.62005673,,
584,30.74887369,,
585,27.34523611,,
586,24.66844652,,
587,22.48957117
588,20.75087602
589,19.39896546
590,18.3413983
591,17.55681629
592,16.94977474
593,16.53896212
594,16.36576005
595,16.23861171
596,16.25229434
597,16.2723177
598,16.36876356
599,16.58267979
600,16.79626231
601,17.05623227
602,17.33355582
603,17.64725513
604,17.96062072
605,18.31102953
606,18.69180711
607,19.0418822
608,19.46270649
609,19.89654597
610,20.3370599
611,20.77089938
612,21.35124312
613,21.71867178
614,22.21558485
615,22.6460871
616,23.13999666
617,23.630569
618,24.09778074
619,24.4915735
620,25.00917737
621,25.40630736
622,25.92024028
623,26.34373436
624,26.76789588
625,27.17503754
626,27.63524111
627,27.99899883
628,28.39979977
629,28.8800267
630,29.18371433
631,29.57416986
632,29.94159853
633,30.26530953
634,30.56565994
635,30.89237444
636,31.2965126
637,31.62022359
638,31.96696146
639,32.32738195
640,32.77790756
641,33.07191724
642,33.45202737
643,33.75905223
644,34.23660938
645,34.58334724
646,34.99716336
647,35.36792925
648,35.80810946
649,36.20523945
650,36.7829134
651,37.18304689
652,37.74069748
653,38.20090105
654,38.75855164
655,39.30886034
656,39.93292174
657,40.48389788
658,41.15434674
659,41.82546304
660,42.43584182
661,43.20707492
662,43.89788086
663,44.65509761
664,45.30585683
665,46.1471717
666,46.95110963
667,47.80911063
668,48.60003337
669,49.51076256
670,50.3987986
671,51.37660604
672,52.16419156
673,53.04822293
674,53.90956115
675,54.74687135
676,55.48139496
677,56.27565493
678,56.86267312
679,57.49340898
680,58.02402803
681,58.53162022
682,58.81161355
683,59.102286
684,59.23877858
685,59.25579843
686,59.23544135
687,59.0418822
688,58.68513265
689,58.21091273
690,57.65359586
691,56.92307692
692,56.04204906
693,55.02386117
694,53.8925413
695,52.65810112
696,51.2861672
697,49.82112465
698,48.21291507
699,46.53729351
700,44.76856332
701,42.9801435
702,41.11129651
703,39.16202236
704,37.33322209
705,35.37426998
706,33.45536459
707,31.5731687
708,29.77139997
709,27.90221926
710,26.17720674
711,24.48523277
712,22.89003838
713,21.31787085
714,19.77306858
715,18.37443684
716,17.01651927
717,15.75171033
718,14.53028533
719,13.39896546
720,12.35441348
721,11.38294677
722,10.47855832
723,9.651259803
724,8.897046554
725,8.15584849
726,7.528783581
727,6.894376773
728,6.384114801
729,5.843484065
730,5.342566327
731,4.925412982
732,4.531953946
733,4.144501919
734,3.827799099
735,3.600533956
736,3.190388787
737,2.96012014
738,2.709828133
739,2.536292341
740,2.319038879
741,2.178875355
742,1.991990656
743,1.862172535
744,1.691640247
745,1.58484899
746,1.468046054
747,1.324545303
748,1.311530118
749,1.174703821
750,1.14466878
751,1.001168029
752,0.957450359
753,0.88403137
754,0.813949608
755,0.773902887
756,0.697480394
757,0.704154847
758,0.624061405
759,0.584014684
760,0.594026364
761,0.513599199
762,0.500584015
763,0.433839479
764,0.410478892
765,0.383781078
766,0.337059903
767,0.363757717
768,0.320040047
769,0.297013182
770,0.290005006
771,0.266644418
772,0.20323711
773,0.290005006
774,0.206908059
775,0.21691974
