wl,ex,wl,em,Data copyright Molecular Probes
500,1.947762136,650,1.41482
501,2.375478994,651,1.61754
502,2.467173044,652,1.94773
503,2.505966387,653,2.11806
504,2.595960207,654,2.40123
505,2.619886433,655,2.63738
506,2.710808179,656,2.99683
507,2.769562526,657,3.39808
508,2.768184549,658,3.851570044
509,2.887208632,659,3.92786
510,2.939213172,660,4.626091567
511,3.057461692,661,4.70319
512,3.106250816,662,5.220397567
513,3.132349483,663,5.971040341
514,3.19300165,664,6.856899949
515,3.341901198,665,7.617816822
516,3.354636357,666,8.564141234
517,3.463531974,667,9.431668454
518,3.646897925,668,10.61130565
519,3.720571084,669,11.93351102
520,3.803998378,670,13.34069743
521,3.964148708,671,14.67884129
522,4.101900451,672,16.32014878
523,4.115959159,673,17.91807563
524,4.298765326,674,19.76650221
525,4.383181768,675,21.71638187
526,4.482319667,676,24.1487653
527,4.611094981,677,26.35419071
528,4.648172049,678,28.53055546
529,4.829590867,679,31.41088269
530,4.954790722,680,34.20742731
531,5.239331321,681,37.61951142
532,5.315737835,682,40.54841217
533,5.49496822,683,43.97124525
534,5.702325408,684,47.12360037
535,5.805088936,685,50.75435296
536,5.951991872,686,55.28370312
537,6.060961547,687,58.46695561
538,6.272855256,688,63.14407333
539,6.481572815,689,67.55504022
540,6.646230021,690,70.66857407
541,6.846600875,691,73.43949891
542,7.086432618,692,77.31789781
543,7.29694615,693,81.07773106
544,7.396146495,694,83.94476664
545,7.61791573,695,87.13033477
546,7.844989835,696,89.58353267
547,8.068558526,697,92.20976131
548,8.344206426,698,94.0305429
549,8.55558126,699,95.25079843
550,8.809675983,700,96.84997392
551,9.108527152,701,98.16110269
552,9.295616457,702,98.39077257
553,9.564314685,703,99.68412821
554,9.780030096,704,100
555,9.943506601,705,99.36567514
556,10.08357886,706,98.47383631
557,10.58385988,707,97.71750181
558,10.74404621,708,96.69491722
559,10.93568594,709,94.68675375
560,11.18648328,710,93.21909817
561,11.30104208,711,90.9515115
562,11.70576259,712,88.81821524
563,11.87128525,713,86.15334426
564,12.10582183,714,83.18275349
565,12.39587845,715,80.69536108
566,12.60887781,716,77.93392571
567,12.98274175,717,75.2799251
568,13.2373577,718,72.64289963
569,13.55860203,719,70.16152761
570,13.84881979,720,67.83138467
571,14.06783859,721,65.15474985
572,14.3597952,722,62.36592251
573,14.61386891,723,60.1857718
574,14.68273171,724,58.02791428
575,15.09379357,725,55.68339278
576,15.4056197,726,53.06283281
577,15.55305286,727,50.74136267
578,15.93561085,728,48.38894691
579,16.27746417,729,46.73142528
580,16.63898383,730,44.70062905
581,16.99754913,731,42.32118144
582,17.29545514,732,41.36424586
583,17.65641824,733,39.59227557
584,18.06735479,734,37.54829702
585,18.54827126,735,36.43116273
586,18.92449526,736,34.82358386
587,19.1335451,737,33.43424587
588,19.57848789,738,32.56870937
589,20.12110268,739,31.10164194
590,20.41370793,740,30.25524395
591,21.02835941,741,28.79202348
592,21.33328074,742,28.07571283
593,21.89609361,743,27.18808366
594,22.41632735,744,26.30942506
595,22.89570438,745,25.30337904
596,23.40894569,746,24.84191232
597,23.83618623,747,23.90001224
598,24.38530373,748,23.04377204
599,25.05597879,749,22.73325244
600,25.46991085,750,22.19047329
601,25.99071836,751,21.14409344
602,26.26894601,752,20.03765836
603,26.91737858,753,19.86877725
604,27.51886485,754,19.72530037
605,28.20272104,755,18.6902537
606,28.75390927,756,18.25129044
607,29.12793716,757,18.0899242
608,29.47030509,758,17.22218185
609,30.16974753,759,16.49156224
610,30.60388086,760,16.54841803
611,31.30364566,761,16.63550347
612,31.60639478,762,16.6154057
613,31.97510831,763,16.02652218
614,32.4446771,764,15.82462754
615,32.84529068,765,15.05853568
616,33.26817608,766,15.18761372
617,33.79846035,767,14.72397806
618,34.40693012,768,14.66182771
619,34.8638485,769,14.41927799
620,35.0233882,770,14.2961333
621,35.17756166,771,13.99775584
622,35.76900783,772,13.45653992
623,36.06880883,773,13.27905202
624,36.52711419,774,13.13286462
625,36.72564419,775,12.70655906
626,36.95642761,776,12.47132051
627,37.70558927,777,12.31927101
628,37.76634596,778,12.04856044
629,38.1984228,779,11.65678357
630,38.53073315,780,11.62983894
631,39.272592,781,11.4673097
632,39.75702043,782,11.10228184
633,40.04930701,783,10.54299729
634,40.27148001,784,10.18098982
635,40.81084064,785,10.28177117
636,41.30683923,786,9.902686166
637,42.18844502,787,9.60071089
638,43.07234322,788,9.323244948
639,43.57613034,789,9.262334737
640,44.34988993,790,8.92558865
641,45.13224146,791,8.561615873
642,46.12748141,792,8.492136978
643,47.26698984,793,8.234911423
644,48.60703358,794,7.708780353
645,49.65318564,795,7.464835479
646,51.04921439,796,7.094850508
647,52.10102171,797,7.049288572
648,53.67397819,798,6.82307895
649,55.17225407,799,6.649492004
650,56.68828425,800,6.306620799
651,58.13637839,,
652,59.58992693,,
653,61.42697882,,
654,62.73456643,,
655,64.56885034,,
656,66.36891913,,
657,68.6526889,,
658,69.90447384,,
659,72.12954165
660,73.86034944
661,76.19072007
662,77.73145928
663,79.86844511
664,81.42825907
665,83.81173249
666,85.00477355
667,86.80385338
668,88.49111376
669,90.23738267
670,91.87119955
671,93.45069452
672,94.78359629
673,95.65193576
674,96.7135085
675,97.57693599
676,98.24414321
677,98.76510682
678,99.01829323
679,99.15095836
680,99.21769589
681,100
682,99.51314508
683,98.47985881
684,97.76046738
685,96.51395931
686,95.60329142
687,93.60875327
688,92.33147827
689,89.99007157
690,87.61681884
691,84.7127556
692,82.448605
693,79.52972572
694,76.83433335
695,73.78811062
696,70.65250093
697,67.45876052
698,64.66715197
699,60.74272893
700,58.4767966
701,55.0407
702,52.0369
703,49.0163
704,46.1588
705,43.2989
706,40.6046
707,37.975
708,35.5422
709,33.1789
710,30.8661
711,28.7452
712,26.6602
713,24.7768
714,22.9438
715,21.3099
716,19.7264
717,18.2701
718,16.8642
719,15.6405
720,14.4553
721,13.3133
722,12.356
723,11.3843
724,10.5278
725,9.733601
726,8.9947
727,8.3349
728,7.6751
729,7.0993
730,6.5954
731,6.0844
732,5.6094
733,5.2015
734,4.8272
735,4.4265
736,4.1362
737,3.8459
738,3.5844
739,3.3037
740,3.0926
741,2.8742
742,2.6775
743,2.5023
744,2.3392
745,2.1976
746,2.0393
747,1.9121
748,1.7802
749,1.6554
750,1.5858
