wl,ex,wl,em,bcecf pH 5.2
350,9.621569917,465,0.220354709
351,9.957754927,466,0.27404575
352,10.05971128,467,0.307860294
353,10.27348313,468,0.345995582
354,10.53678848,469,0.402353676
355,10.81769584,470,0.475637586
356,10.97686375,471,0.534847535
357,11.32893707,472,0.628951237
358,11.60683401,473,0.76418763
359,11.89583324,474,0.89372126
360,12.26347367,475,1.111457685
361,12.59219873,476,1.378383088
362,13.05964096,477,1.683317446
363,13.36091988,478,2.018275027
364,13.82900378,479,2.458404528
365,14.17693689,480,2.932834742
366,14.5889583,481,3.544052561
367,14.98351731,482,4.23436718
368,15.39469243,483,5.047132457
369,15.64563971,484,6.006920513
370,16.03717619,485,7.141076654
371,16.43073698,486,8.401288255
372,16.75761685,487,9.82572005
373,17.07058416,488,11.48786
374,17.38526179,489,13.35839977
375,17.67186615,490,15.36996779
376,17.87407956,491,17.65177858
377,18.08186672,492,20.11534233
378,18.45296501,493,22.90512411
379,18.56411172,494,25.78131931
380,18.76215208,495,28.94078146
381,19.00682264,496,32.32557151
382,19.2481154,497,35.79487471
383,19.45026696,498,39.51083617
384,19.62263082,499,43.29935277
385,19.90023259,500,47.2188844
386,20.20767348,501,50.95973312
387,20.46413595,502,54.61418949
388,20.76761812,503,58.22147366
389,20.99119732,504,62.03093244
390,21.37707408,505,65.58188023
391,21.61822477,506,69.01140309
392,22.01797203,507,72.56542699
393,22.23411251,508,75.54313092
394,22.69595447,509,78.60244722
395,23.02260244,510,81.21341039
396,23.34610033,511,83.99014022
397,23.70465053,512,85.9187564
398,23.8933592,513,88.05717888
399,24.24676739,514,90.07979946
400,24.35631173,515,91.84866095
401,24.47266883,516,93.41772105
402,24.63477452,517,94.77221623
403,24.78367367,518,95.95223085
404,24.98229616,519,97.65970001
405,25.05419759,520,98.93859833
406,25.1362613,521,99.10563569
407,25.27796082,522,98.84179351
408,25.51360927,523,98.65937398
409,25.69773242,524,98.86110824
410,25.96114067,525,99.3985165
411,26.40102828,526,99.58379071
412,26.77833983,527,100
413,27.24709115,528,99.13951475
414,27.89647606,529,98.75732009
415,28.66426923,530,98.25828008
416,29.45354122,531,97.77565459
417,30.30411796,532,97.5623973
418,31.41747519,533,97.39475645
419,32.45900739,534,97.63147961
420,33.57945813,535,97.45148709
421,34.58986983,536,97.18989638
422,35.68458013,537,96.62606184
423,36.8240243,538,96.92140695
424,37.73443612,539,96.68950083
425,38.87698218,540,96.1632012
426,39.93558897,541,95.82069279
427,40.94830049,542,95.35733614
428,41.77803793,543,95.45910633
429,42.7165115,544,95.17038115
430,43.72252045,545,94.22405268
431,44.56426735,546,92.99032634
432,45.5441658,547,92.24310803
433,46.47755472,548,91.31476575
434,47.67012381,549,90.95461604
435,48.69473322,550,90.29354235
436,49.81734542,551,89.60821761
437,51.23532105,552,88.48552331
438,52.56924988,553,87.42409123
439,54.11691213,554,86.23278594
440,55.71964096,555,85.39296955
441,57.57499216,556,84.38422055
442,59.56340809,557,83.47619971
443,61.64653765,558,82.1943397
444,63.68688584,559,81.11658763
445,65.99800525,560,79.54217028
446,68.12598998,561,78.3800114
447,70.03509833,562,77.16544428
448,72.00163319,563,75.84317566
449,73.74293059,564,74.69927198
450,75.68637532,565,73.7911917
451,77.52079646,566,72.51100875
452,79.05202671,567,71.22519596
453,80.41338838,568,69.75901434
454,81.53929074,569,68.54916905
455,82.34155568,570,67.00145708
456,82.98970519,571,65.88345772
457,83.375241,572,64.50041025
458,83.62881194,573,63.29432309
459,83.84753962,574,62.22963272
460,83.94289329,575,61.03729386
461,83.9047683,576,59.56978942
462,83.85861796,577,58.27243386
463,83.74508242,578,57.1846287
464,83.65449871,579,55.93107522
465,83.42992288,580,54.91809705
466,83.79639444,581,54.14277283
467,84.40383643,582,53.05448831
468,84.83373281,583,52.08850516
469,85.63050585,584,51.07579579
470,86.28775511,585,49.98816833
471,87.24665133,586,49.04286622
472,88.27809216,587,48.20088956
473,89.31307988,588,47.24468076
474,91.00754623,589,46.46305783
475,91.87946071,590,45.56948506
476,93.04757228,591,44.67783928
477,94.50824944,592,44.07276584
478,95.68812445,593,43.13942151
479,96.81517317,594,42.29198748
480,98.05010333,595,41.64742501
481,98.70257452,596,41.09588248
482,99.54057392,597,40.44849798
483,99.92156863,598,39.67170914
484,100,599,39.01172735
485,99.25214342,600,38.34961733
486,98.40190862,601,37.75891691
487,96.8552577,602,36.86004522
488,94.7347638,603,36.21829339
489,92.63319334,604,35.43684226
490,90.11825193,605,35.03425956
491,87.18184455,606,34.75132318
492,84.18008648,607,34.07267779
493,81.21181966,608,33.19445255
494,77.17641585,609,32.67872857
495,73.10187237,610,31.94150348
496,68.36402906,611,31.37273606
497,63.97717535,612,30.76444215
498,59.58508571,613,30.0980668
499,55.13387265,614,29.58625969
500,51.07482597,615,29.04859572
501,47.30764166,616,28.59999541
502,43.60997543,617,27.93641213
503,40.0488073,618,27.30842752
504,36.63642799,619,26.73515007
505,33.38216035,620,26.15557687
506,30.25782931,621,25.66023066
507,27.28663239,622,24.9724371
508,24.72391475,623,24.43469665
509,22.14216065,624,23.85301614
510,19.92025822,625,23.20520454
511,17.77827229,626,22.54188441
512,15.94604193,627,21.93369668
513,14.21151937,628,21.52511998
514,12.61122461,629,21.10711501
515,11.09225247,630,20.75027908
516,9.639659605,631,20.54171543
517,8.465273658,632,20.05010944
518,7.449285314,633,19.62481555
519,6.43278391,634,19.29388955
520,5.696414679,635,18.58712561
521,4.954576797,636,18.22399782
522,4.384037091,637,17.81836571
523,3.85645913,638,17.50113544
524,3.309581374,639,17.04697758
525,2.917690359,640,16.83401596
,,641,16.39615018
,,642,16.13903392
,,643,15.61559177
,,644,15.46363517
,,645,15.03006435
,,646,14.73470846
,,647,14.40024535
,,648,14.24080104
,,649,13.70693459
,,650,13.52206623
