wl,abs,wl,em
250,9.84201,565,0.38783
251,9.81611,566,0.40138
252,9.86791,567,0.43846
253,9.97151,568,0.49826
254,10.12691,569,0.56849
255,10.38591,570,0.64149
256,10.72261,571,0.72368
257,11.03341,572,0.82085
258,11.39601,573,0.9334599
259,11.88811,574,1.0607
260,12.27661,575,1.2026
261,12.69101,576,1.368
262,13.18311,577,1.5673
263,13.57161,578,1.812
264,13.96011,579,2.1038
265,14.42631,580,2.4475
266,14.78892,581,2.846
267,15.20331,582,3.309
268,15.72132,583,3.8381
269,16.08392,584,4.4302
270,16.49832,585,5.0779
271,16.96452,586,5.7805
272,17.24942,587,6.5648
273,17.56022,588,7.463
274,17.92282,589,8.5102
275,18.13002,590,9.7071
276,18.28542,591,11.059
277,18.41492,592,12.566
278,18.38902,593,14.264
279,18.31132,594,16.169
280,18.15592,595,18.295
281,18.05232,596,20.606
282,18.05232,597,23.069
283,18.18182,598,25.647
284,18.36312,599,28.357
285,18.59622,600,31.237
286,19.03652,601,34.352
287,19.47682,602,37.729
288,20.02072,603,41.383
289,20.84952,604,45.281
290,21.49702,605,49.394
291,22.17042,606,53.663
292,23.10282,607,58.043
293,23.82802,608,62.465
294,24.50142,609,66.849
295,25.33022,610,71.098
296,25.82232,611,75.161
297,26.21083,612,79.028
298,26.70293,613,82.74001
299,26.96193,614,86.284
300,27.19503,615,89.612
301,27.47993,616,92.633
302,27.58353,617,95.262
303,27.76483,618,97.392
304,27.94613,619,98.923
305,28.04973,620,99.777
306,28.20513,621,100
307,28.41233,622,99.613
308,28.56773,623,98.739
309,28.74903,624,97.33801
310,28.87853,625,95.509
311,28.90443,626,93.195
312,28.95623,627,90.478
313,28.90443,628,87.364
314,28.82673,629,83.959
315,28.61953,630,80.28699
316,28.25693,631,76.348
317,27.86843,632,72.178
318,27.37633,633,67.924
319,26.62523,634,63.791
320,26.02953,635,59.911
321,25.30433,636,56.31
322,24.42373,637,52.946
323,23.69852,638,49.783
324,22.89562,639,46.776
325,22.04092,640,43.914
326,21.47112,641,41.209
327,20.82362,642,38.712
328,20.12432,643,36.434
329,19.60632,644,34.366
330,19.14012,645,32.476
331,18.57032,646,30.777
332,18.15592,647,29.257
333,17.79332,648,27.898
334,17.30122,649,26.665
335,16.96452,650,25.573
336,16.67962,651,24.643
337,16.34292,652,23.874
338,16.08392,653,23.2
339,15.90262,654,22.577
340,15.64362,655,21.958
341,15.48822,656,21.398
342,15.35872,657,20.902
343,15.20331,658,20.511
344,15.09972,659,20.178
345,14.97021,660,19.903
346,14.73711,661,19.67
347,14.52991,662,19.487
348,14.34861,663,19.334
349,14.06371,664,19.188
350,13.88241,665,19.031
351,13.75291,666,18.868
352,13.51981,667,18.707
353,13.33851,668,18.567
354,13.15721,669,18.449
355,13.02771,670,18.337
356,12.87231,671,18.207
357,12.79461,672,18.041
358,12.69101,673,17.854
359,12.56151,674,17.685
360,12.56151,675,17.547
361,12.50971,676,17.428
362,12.43201,677,17.268
363,12.40611,678,17.05
364,12.40611,679,16.754
365,12.38021,680,16.411
366,12.38021,681,16.025
367,12.35431,682,15.625
368,12.25071,683,15.223
369,12.17301,684,14.821
370,12.06941,685,14.415
371,11.96581,686,13.992
372,11.83631,687,13.57
373,11.70681,688,13.14
374,11.60321,689,12.717
375,11.44781,690,12.274
376,11.26651,691,11.831
377,11.08521,692,11.368
378,10.90391,693,10.907
379,10.69671,694,10.433
380,10.46361,695,9.967401
381,10.25641,696,9.5055
382,10.04921,697,9.0649
383,9.79021,698,8.6429
384,9.634809,699,8.2458
385,9.37581,700,7.8675
386,9.116809,701,7.5117
387,8.883709,702,7.1769
388,8.547009,703,6.8564
389,8.313909,704,6.541
390,8.003108,705,6.2183
391,7.640508,706,5.8942
392,7.355608,707,5.583
393,7.018907,708,5.3073
394,6.604506,709,5.0681
395,6.319606,710,4.8533
396,6.008806,711,4.6402
397,5.594406,712,4.4301
398,5.309505,713,4.2226
399,5.024605,714,4.0302
400,4.662004,715,3.853
401,4.428905,716,3.6914
402,4.144004,717,3.543
403,3.807304,718,3.4029
404,3.574203,719,3.281
405,3.341104,720,3.1775
406,3.056203,721,3.0957
407,2.849003,722,3.0275
408,2.641803,723,2.9712
409,2.434602,724,2.9212
410,2.279202,,
411,2.097902,,
412,1.942502,,
413,1.813002,,
414,1.657602,,
415,1.554002,,
416,1.450401,,
417,1.346801,,
418,1.217301,,
419,1.139601,,
420,1.061901,,
421,0.9324009,,
422,0.8547009,,
423,0.8029009,,
424,0.7252007,,
425,0.6734007
426,0.6475006
427,0.5698006
428,0.5439005
429,0.5180005
430,0.4662005
431,0.4144004
432,0.4144004
433,0.3626004
434,0.3367004
435,0.3108003
436,0.3108003
437,0.3108003
438,0.3108003
439,0.3108003
440,0.2849003
441,0.2590003
442,0.2849003
443,0.2849003
444,0.2849003
445,0.3108003
446,0.3367004
447,0.3626004
448,0.3885004
449,0.3885004
450,0.4144004
451,0.4144004
452,0.4662005
453,0.4921005
454,0.5180005
455,0.5439005
456,0.5698006
457,0.5957006
458,0.6216006
459,0.6475006
460,0.6993007
461,0.7252007
462,0.8029009
463,0.8547009
464,0.9065009
465,0.9324009
466,1.010101
467,1.087801
468,1.139601
469,1.217301
470,1.295001
471,1.346801
472,1.450401
473,1.528102
474,1.605802
475,1.761202
476,1.838902
477,1.916602
478,2.046102
479,2.149702
480,2.253302
481,2.434602
482,2.564103
483,2.693603
484,2.874903
485,3.004403
486,3.159803
487,3.367003
488,3.522403
489,3.677804
490,3.910904
491,4.066304
492,4.273504
493,4.532505
494,4.739705
495,4.972805
496,5.257706
497,5.516706
498,5.749805
499,6.112406
500,6.371406
501,6.656306
502,7.070707
503,7.355608
504,7.640508
505,8.132607
506,8.495209
507,8.831909
508,9.37581
509,9.73841
510,10.15281
511,10.74851
512,11.18881
513,11.65501
514,12.30251
515,12.79461
516,13.28671
517,14.03781
518,14.58171
519,15.20331
520,16.03212
521,16.62782
522,17.24942
523,18.15592
524,18.82932
525,19.52862
526,20.51282
527,21.26392
528,22.04092
529,23.12872
530,23.93162
531,24.78633
532,26.00363
533,26.93603
534,27.84253
535,29.13753
536,30.12173
537,31.10593
538,32.50453
539,33.54053
540,34.60243
541,36.07874
542,37.16654
543,38.22844
544,39.75654
545,40.84434
546,41.90624
547,43.43434
548,44.54805
549,45.66175
550,47.21575
551,48.32945
552,49.44315
553,51.02305
554,52.18855
555,53.35405
556,54.98576
557,56.15126
558,57.34266
559,59.05206
560,60.32116
561,61.59026
562,63.37737
563,64.69827
564,66.04507
565,67.90987
566,69.30847
567,70.70707
568,72.70137
569,74.17767
570,75.67988
571,77.80367
572,79.35768
573,80.96348
574,83.16499
575,84.74488
576,86.32478
577,88.44859
578,89.95079
579,91.40119
580,93.29189
581,94.561
582,95.72649
583,97.0992
584,97.9798
585,98.7568
586,99.5079
587,99.8446
588,100
589,99.9223
590,99.6633
591,99.1453
592,98.13519
593,97.2028
594,96.0114
595,94.14659
596,92.51489
597,90.67599
598,87.93059
599,85.70319
600,83.24268
601,79.84978
602,77.15617
603,74.22947
604,70.24087
605,67.13287
606,63.86946
607,59.54416
608,56.22895
609,52.75835
610,48.27765
611,44.93655
612,41.54364
613,37.29604
614,34.23983
615,31.20953
616,27.45403
617,24.81222
618,22.22222
619,19.08832
620,16.93862
621,14.89252
622,12.48381
623,10.92981
624,9.47941
625,7.770008
626,6.682207
627,5.749805
628,4.636105
629,3.962704
630,3.367003
631,2.719503
632,2.279202
633,1.916602
634,1.554002
635,1.295001
636,1.087801
637,0.8547009
638,0.7252007
639,0.5957006
640,0.4662005
641,0.3885004
642,0.3108003
643,0.2331002
644,0.1813002
645,0.1295001
646,7.77E-02
647,2.59E-02
648,0
649,0
650,-2.59E-02
Data Copyright MP Inc.