wl,abs,wl,em
250,1.631393,475,0.16701
251,1.521164,476,0.19931
252,1.455026,477,0.24341
253,1.410935,478,0.3037
254,1.322751,479,0.38095
255,1.27866,480,0.47374
256,1.300706,481,0.58442
257,1.27866,482,0.71345
258,1.256614,483,0.86401
259,1.300706,484,1.0349
260,1.27866,485,1.2268
261,1.300706,486,1.443
262,1.344797,487,1.6994
263,1.388889,488,2.0086
264,1.410935,489,2.3861
265,1.477072,490,2.8411
266,1.521164,491,3.4067
267,1.565256,492,4.129
268,1.609347,493,5.0737
269,1.653439,494,6.305
270,1.675485,495,7.8993
271,1.785714,496,9.9397
272,1.873898,497,12.52
273,1.895944,498,15.707
274,1.984127,499,19.589
275,2.050265,500,24.268
276,2.116402,501,29.907
277,2.18254,502,36.611
278,2.248677,503,44.403
279,2.336861,504,53.131
280,2.402998,505,62.472
281,2.469136,506,71.92599
282,2.535273,507,80.85
283,2.623457,508,88.604
284,2.71164,509,94.576
285,2.799824,510,98.41
286,2.888007,511,100
287,2.976191,512,99.59
288,3.042328,513,97.52299
289,3.108466,514,94.149
290,3.152557,515,89.773
291,3.240741,516,84.683
292,3.35097,517,79.237
293,3.417108,518,73.741
294,3.461199,519,68.50201
295,3.483245,520,63.715
296,3.571429,521,59.513
297,3.659612,522,55.911
298,3.747796,523,52.848
299,3.791887,524,50.22
300,3.835979,525,47.919
301,3.924162,526,45.848
302,3.946208,527,43.934
303,4.056437,528,42.149
304,4.122575,529,40.48
305,4.144621,530,38.957
306,4.166667,531,37.564
307,4.166667,532,36.325
308,4.188713,533,35.227
309,4.210758,534,34.283
310,4.232804,535,33.481
311,4.276896,536,32.791
312,4.298942,537,32.193
313,4.320988,538,31.622
314,4.387125,539,31.048
315,4.453263,540,30.407
316,4.541446,541,29.705
317,4.607584,542,28.92
318,4.651675,543,28.078
319,4.761905,544,27.162
320,4.850088,545,26.208
321,4.872134,546,25.206
322,4.960318,547,24.21
323,5.026455,548,23.217
324,5.070547,549,22.269
325,5.202822,550,21.342
326,5.335097,551,20.447
327,5.42328,552,19.563
328,5.621693,553,18.697
329,5.709877,554,17.843
330,5.776014,555,17.014
331,5.908289,556,16.208
332,5.996473,557,15.416
333,6.040565,558,14.641
334,6.17284,559,13.892
335,6.32716,560,13.197
336,6.32716,561,12.549
337,6.393298,562,11.956
338,6.43739,563,11.4
339,6.459436,564,10.881
340,6.547619,565,10.385
341,6.679894,566,9.9062
342,6.790123,567,9.4379
343,6.900353,568,8.9826
344,6.96649,569,8.5467
345,7.032628,570,8.1384
346,7.120811,571,7.756701
347,7.142858,572,7.4059
348,7.208994,573,7.0785
349,7.275132,574,6.7798
350,7.319224,575,6.492
351,7.363316,576,6.2198
352,7.385362,577,5.9502
353,7.473545,578,5.6966
354,7.495591,579,5.454
355,7.451499,580,5.2297
356,7.495591,581,5.0136
357,7.517637,582,4.8008
358,7.539683,583,4.5877
359,7.583775,584,4.3848
360,7.539683,585,4.201
361,7.561728,586,4.0401
362,7.583775,587,3.8884
363,7.517637,588,3.7408
364,7.451499,589,3.5915
365,7.473545,590,3.4483
366,7.407407,591,3.3081
367,7.275132,592,3.1691
368,7.208994,593,3.0292
369,7.142858,594,2.8916
370,7.054674,595,2.7644
371,6.922398,596,2.6476
372,6.900353,597,2.547
373,6.812169,598,2.4549
374,6.70194,599,2.372
375,6.591711,600,2.2891
376,6.415344,601,2.2118
377,6.216931,602,2.1355
378,6.084656,603,2.0583
379,5.908289,604,1.9739
380,5.753968,605,1.8876
381,5.643739,606,1.8008
382,5.445326,607,1.7141
383,5.335097,608,1.6259
384,5.224868,609,1.5461
385,5.092593,610,1.4814
386,4.982364,611,1.4257
387,4.850088,612,1.3699
388,4.62963,613,1.3045
389,4.475309,614,1.2394
390,4.387125,615,1.1761
391,4.166667,616,1.122
392,3.946208,617,1.0687
393,3.769841,618,1.0185
394,3.527337,619,0.96807
395,3.328924,620,0.9266999
396,3.152557,621,0.89209
397,2.932099,622,0.86243
398,2.799824,623,0.82614
399,2.689594,624,0.78163
400,2.469136,625,0.73593
401,2.336861,626,0.69804
402,2.270723,627,0.67196
403,2.138448,628,0.64834
404,2.07231,629,0.62199
405,2.006173,630,0.58889
406,1.873898,631,0.55826
407,1.851852,632,0.53393
408,1.829806,633,0.51593
409,1.80776,634,0.49634
410,1.829806,635,0.46845
411,1.851852,636,0.43773
412,1.851852,637,0.40535
413,1.917989,638,0.37961
414,1.962081,639,0.35639
415,2.006173,640,0.33714
416,2.050265,641,0.31624
417,2.094356,642,0.29226
418,2.160494,643,0.26506
419,2.248677,644,0.23445
420,2.314815,645,0.1987
421,2.402998,646,0.15943
422,2.513227,647,0.11811
423,2.601411,648,0.079323
424,2.733686,649,0.041689
425,2.843915
426,2.954144
427,3.152557
428,3.306878
429,3.439153
430,3.703704
431,3.946208
432,4.166667
433,4.409171
434,4.673721
435,4.938272
436,5.291005
437,5.555555
438,5.864197
439,6.238977
440,6.547619
441,6.856261
442,7.253087
443,7.583775
444,7.914462
445,8.443563
446,8.862433
447,9.281305
448,9.810406
449,10.25132
450,10.69224
451,11.30952
452,11.83862
453,12.36772
454,13.09524
455,13.69048
456,14.32981
457,15.18959
458,15.91711
459,16.73281
460,17.8351
461,18.78307
462,19.79718
463,21.20811
464,22.37654
465,23.63316
466,25.35273
467,26.74162
468,28.13051
469,29.85009
470,31.15079
471,32.40741
472,33.97266
473,35.097
474,36.24339
475,37.61023
476,38.5582
477,39.52822
478,40.63051
479,41.44621
480,42.32804
481,43.54057
482,44.57672
483,45.83333
484,47.68518
485,49.20635
486,50.94797
487,53.28483
488,55.18077
489,57.23104
490,59.87654
491,61.99294
492,64.44003
493,67.76896
494,70.59083
495,73.96384
496,78.7037
497,82.58377
498,86.86067
499,92.04144
500,95.4806
501,98.30247
502,100
503,99.51499
504,97.08995
505,91.38007
506,85.1411
507,77.18254
508,66.26984
509,57.64991
510,48.72134
511,38.58025
512,31.76808
513,25.5291
514,19.33422
515,15.60847
516,12.43386
517,9.501763
518,7.782187
519,6.305115
520,4.938272
521,4.166667
522,3.483245
523,2.821869
524,2.425044
525,2.050265
526,1.719577
527,1.521164
528,1.322751
529,1.124339
530,0.9920635
531,0.8818343
532,0.771605
533,0.7275132
534,0.6834216
535,0.6172839
536,0.5511464
537,0.5070547
538,0.4850088
539,0.462963
540,0.4188713
541,0.3747796
542,0.3527337
543,0.3527337
544,0.3527337
545,0.3306878
546,0.3306878
547,0.3527337
548,0.3527337
549,0.3306878
550,0.308642
551,0.2865961
552,0.2865961
553,0.2865961
554,0.2645503
555,0.2425044
556,0.2425044
557,0.2425044
558,0.2425044
559,0.2425044
560,0.2425044
561,0.2425044
562,0.2425044
563,0.2204586
564,0.2425044
565,0.2204586
566,0.1984127
567,0.1984127
568,0.1984127
569,0.1763668
570,0.154321
571,0.1763668
572,0.1763668
573,0.1763668
574,0.1763668
575,0.154321
576,0.154321
577,0.154321
578,0.1763668
579,0.154321
580,0.154321
581,0.154321
582,0.1763668
583,0.1763668
584,0.154321
585,0.154321
586,0.154321
587,0.154321
588,0.154321
589,0.1322751
590,0.1322751
591,0.154321
592,0.1763668
593,0.1763668
594,0.154321
595,0.154321
596,0.154321
597,0.154321
598,0.154321
599,0.154321
600,0.154321
Data Copyright MP Inc.