wl,abs/low Ca,wl,em/low Ca,Data copyright Molecular Probes
300,42.36777075,480,0.298983435
301,41.92929574,481,0.287751662
302,41.51821917,482,0.29527703
303,41.1071569,483,0.307871114
304,40.61387073,484,0.333981193
305,40.12058456,485,0.340156384
306,39.70950799,486,0.361016395
307,39.24362025,487,0.389104646
308,38.85995641,488,0.425935463
309,38.47629256,489,0.457351834
310,38.03781756,490,0.478161382
311,37.73636331,491,0.528484546
312,37.43490906,492,0.557476816
313,37.05124522,493,0.594992881
314,36.74979097,494,0.647843581
315,36.47574946,495,0.700092584
316,36.17429521,496,0.746082247
317,35.87284096,497,0.785287439
318,35.62619788,498,0.82618186
319,35.35214206,499,0.890752187
320,35.13291171,500,0.944564378
321,34.99589095,501,0.967352781
322,34.80405903,502,1.016943277
323,34.6944367,503,1.052601361
324,34.6944367,504,1.093579152
325,34.7766463,505,1.157933356
326,34.7766463,506,1.185360255
327,34.85887019,507,1.228149585
328,35.13291171,508,1.292489571
329,35.35214206,509,1.29855701
330,35.59878515,510,1.358458486
331,35.92765212,511,1.383678162
332,36.11948405,512,1.438394203
333,36.39352556,513,1.461992491
334,36.74979097,514,1.506196801
335,36.99643406,515,1.567591443
336,37.27048987,516,1.632855563
337,37.57192982,517,1.677811933
338,37.8185729,518,1.765114279
339,37.95560796,519,1.824192789
340,37.95560796,520,1.901220994
341,38.03781756,521,1.973628473
342,38.09262872,522,2.03260317
343,38.09262872,523,2.068107057
344,38.03781756,524,2.222569592
345,38.03781756,525,2.362022161
346,37.92819523,526,2.510012995
347,37.70896488,527,2.626291342
348,37.51711866,528,2.800475638
349,37.2978883,529,3.046406557
350,37.02384679,530,3.168918909
351,36.69497981,531,3.326493963
352,36.20169364,532,3.584427291
353,35.84542823,533,3.761158025
354,35.43436596,534,4.063183855
355,34.83145746,535,4.321518443
356,34.36558402,536,4.549270529
357,33.81748669,537,4.781913177
358,33.05014471,538,5.047401987
359,32.44725051,539,5.390956004
360,31.87174045,540,5.697641525
361,31.15922393,541,6.035607401
362,30.50150427,542,6.281983988
363,29.9260085,543,6.637311723
364,29.13126809,544,6.878909174
365,28.52835959,545,7.159119549
366,27.89805267,546,7.40593482
367,27.15812341,547,7.667105118
368,26.58262765,548,7.949155097
369,26.00711759,549,8.328080898
370,25.26720263,550,8.435353156
371,24.77391646,551,8.741167157
372,24.2806303,552,9.025918041
373,23.70512023,553,9.298831049
374,23.26664523,554,9.549734767
375,22.85558295,555,9.845689989
376,22.47190481,556,10.15752302
377,22.25267446,557,10.49461342
378,21.97861864,558,10.88176442
379,21.67716439,559,11.14395966
380,21.54014364,560,11.54831881
381,21.43052131,561,11.87328816
382,21.26610212,562,12.26545045
383,21.21129096,563,12.74771448
384,21.18387823,564,13.20777273
385,21.21129096,565,13.79209401
386,21.26610212,566,14.17923368
387,21.34831171,567,14.75044758
388,21.48533247,568,15.21986172
389,21.67716439,569,15.84811628
390,21.89640905,570,16.3292911
391,22.22526173,571,16.87305757
392,22.49931754,572,17.59844678
393,22.80077179,573,18.21220303
394,23.26664523,574,18.93538183
395,23.6777218,575,19.61789226
396,24.14359524,576,20.197558
397,24.85612606,577,20.91707494
398,25.34941223,578,21.6517642
399,25.92490799,579,22.33040927
400,26.77445957,580,23.27303355
401,27.37736807,581,23.96404601
402,28.06248616,582,24.89978603
403,29.07645693,583,25.46109164
404,29.87119734,584,26.34821721
405,30.69333619,585,27.06146627
406,31.98136277,586,28.16205716
407,32.91312395,587,29.17746007
408,33.84488512,588,30.051115
409,35.13291171,589,31.11455158
410,36.09207131,590,32.23472487
411,37.07864365,591,32.98937913
412,38.47629256,592,34.18156248
413,39.49026333,593,35.03276681
414,40.53164683,594,36.14867217
415,41.95669418,595,37.24143371
416,42.97067925,596,38.48630904
417,44.06685961,597,39.81917049
418,45.46450852,598,40.83010309
419,46.56070318,599,42.2133481
420,47.68429628,600,43.09032456
421,49.13674205,601,44.09374093
422,50.26034945,602,44.9974035
423,51.43875371,603,46.02875544
424,53.00082181,604,46.97011699
425,54.17922607,605,48.21178704
426,55.35763033,606,50.1160506
427,56.94711116,607,51.24740345
428,58.15291385,608,52.26710671
429,59.38612927,609,53.31640338
430,61.00300854,610,54.06734336
431,62.26363669,611,55.44162594
432,63.57906171,612,56.6943904
433,65.2233537,613,57.89701228
434,66.45656912,614,59.08214728
435,67.71718298,615,60.311926
436,69.27925108,616,61.25847478
437,70.5124665,617,62.58144499
438,71.82790582,618,63.74299549
439,73.49959624,619,65.08562121
440,74.70539894,620,66.35902902
441,75.99342552,621,67.61455319
442,77.66511595,622,68.22483935
443,78.89833137,623,69.62083702
444,80.18635795,624,70.66776067
445,81.69361489,625,71.77176988
446,82.84460642,626,72.98200831
447,83.99561225,627,74.80146972
448,85.39326116,628,75.90385197
449,86.43463036,629,76.50888741
450,87.47601386,630,77.41995743
451,88.68183085,631,79.07847125
452,89.55878086,632,79.83913293
453,90.49054204,633,80.09425204
454,91.5867224,634,80.98806666
455,92.38146282,635,81.76630366
456,93.1488048,636,82.37217224
457,94.08058027,637,84.12474173
458,94.7930825,638,84.85763638
459,95.42340372,639,85.63504756
460,96.19073141,640,87.33921625
461,96.76624147,641,87.30425529
462,97.25951334,642,88.07776767
463,97.86243614,643,89.31895933
464,98.30089684,644,89.51701418
465,98.68457498,645,90.24351807
466,99.12304999,646,91.3183617
467,99.36969307,647,91.64124284
468,99.58893773,648,92.01012584
469,99.83556651,649,92.41380649
470,99.94518884,650,92.25683711
471,100,651,93.18152203
472,100,652,94.28577711
473,99.94518884,653,94.82793541
474,99.86296494,654,94.74827452
475,99.72594418,655,96.83341506
476,99.56151069,656,96.64915147
477,99.31488191,657,96.32762238
478,98.9586165,658,97.41407523
479,98.62976382,659,97.1765306
480,98.24608568,660,98.10156027
481,97.72538678,661,97.81401984
482,97.28692607,662,97.6073176
483,96.8758495,663,98.58540525
484,96.24554257,664,100
485,95.69745954,665,98.35677268
486,95.12194948,666,98.56751551
487,94.38202022,667,98.6309736
488,93.7517133,668,99.56009781
489,93.12140637,669,98.60696339
490,92.27184049,670,99.36014443
491,91.53192554,671,98.86335632
492,90.81940901,672,97.80814875
493,89.88763354,673,97.30882354
494,89.09290742,674,96.64960328
495,88.27075428,675,96.02356328
496,87.25678351,676,95.23798221
497,86.3798192,677,93.40398361
498,85.53028192,678,92.87263451
499,84.37929039,679,92.25725105
500,83.42010218,680,92.33587609
501,82.48835531,681,91.4602679
502,81.22774146,682,90.01679926
503,80.21375639,683,89.23484932
504,79.22718405,684,88.34129157
505,77.93915746,685,87.3580128
506,76.89777396,686,87.12761456
507,75.91121593,687,86.29339944
508,74.56837818,688,85.49611675
509,73.52699468,689,85.82511089
510,72.48561118,690,83.3246633
511,71.06056383,691,81.62353333
512,69.96436917,692,81.57389855
513,68.89558724,693,80.05111382
514,67.3883303,694,78.85651409
515,66.23732447,695,77.94321829
516,65.14112981,696,76.54388194
517,63.68868403,697,75.5630629
518,62.56509094,698,73.30217318
519,61.46889627,699,71.95727149
520,60.07124736,700,71.25422523
521,58.975067,701,69.48079394
522,57.96108193,702,68.67442525
523,56.59084575,703,67.56890713
524,55.52206382,704,66.17596691
525,54.50807875,705,64.02629695
526,53.11044414,706,63.57259938
527,52.0416479,707,62.85785582
528,51.0002787,708,61.27499958
529,49.65744096,709,60.06191946
530,48.58865902,710,58.49210941
531,47.57467395,711,57.25778281
532,46.17703934,712,56.0499266
533,45.21786544,713,54.43718744
534,44.20389467,714,53.95799555
535,42.83364419,715,53.59650446
536,41.84708615,716,52.14272716
537,40.83310108,717,51.19961943
538,39.4628649,718,50.5173326
539,38.50369099,719,48.44017412
540,37.51711866,720,47.72372975
541,36.22910637,721,46.54722071
542,35.32474363,722,45.63335536
543,34.39298246,723,44.96535001
544,33.15976703,724,43.84467514
545,32.28281702,725,43.42187852
546,31.40586701,726,42.13696073
547,30.20005002,727,40.78470044
548,29.35051274,728,39.39298746
549,28.50096116,729,39.1127033
550,27.3225569,730,37.75948764
551,26.50040376,731,36.68081534
552,25.67826491,732,35.33260238
553,24.60948297,733,34.05632066
554,23.89695215,734,33.73699616
555,23.1570229,735,32.77267683
556,22.14305213,736,31.83110055
557,21.45793404,737,31.53068687
558,20.80021438,738,30.62774707
559,19.89586594,739,29.40150148
560,19.26554471,740,28.23759711
561,18.66265052,741,27.84053755
562,17.81309894,742,27.55944913
563,17.23760317,743,26.71588128
564,16.68950584,744,25.89055784
565,15.89476543,745,25.90303221
566,15.37408083,746,25.31821035
567,14.85338193,747,24.42232353
568,14.14085968,748,24.14922587
569,13.64757495,749,23.5085609
570,13.15428878,750,23.05506669
571,12.49657341,751,23.2023424
572,12.03069282,752,22.41762612
573,11.56481223,753,21.70578801
574,10.93450245,754,22.03158213
575,10.52343159,755,21.38002006
576,10.13976346,756,20.94668707
577,9.564263408,757,20.85867949
578,9.153192554,758,20.27095148
579,8.769525851,759,19.33971344
580,8.276239683,760,19.18013044
581,7.919977132,761,18.82605624
582,7.591120163,762,18.32967488
583,7.125239575,763,18.24938641
584,6.823788188,764,18.19274269
585,6.494929789,765,16.83188594
586,6.111263086,766,16.96718059
587,5.83721585,767,16.8334144
588,5.563168614,768,16.31879787
589,5.206906064,769,16.49321561
590,4.987667131,770,15.38048659
591,4.768429628,771,15.24162313
592,4.46697681,772,15.11804034
593,4.247739308,773,14.85654164
594,4.055905956,774,14.37440595
595,3.754453139,775,14.05281758
596,3.562619788,776,13.63194901
597,3.370786437,777,13.22017625
598,3.151548934,778,13.3297516
599,3.014523886,779,13.07188493
600,2.877500268,780,12.76633245
601,2.630857183,781,12.4966836
602,2.493833565,782,12.48706046
603,2.356809947,783,12.22008877
604,2.164976596,784,11.62077389
605,2.05535713,785,11.35351636
606,1.945739093,786,11.15123611
607,1.781309894,787,11.37685737
608,1.699096009,788,11.18789297
609,1.616880694,789,10.31155914
610,1.479857076,790,10.45340302
611,1.370238325,791,10.12187489
612,1.260619287,792,9.826450936
613,1.15100025,793,9.646735927
614,1.068785936,794,9.319439571
615,0.986571623,795,9.194442138
616,0.904357309,796,8.931097819
617,0.822142995,797,9.021989528
618,0.739928824,798,8.527210916
619,0.65771451,799,8.010253204
620,0.60290492,800,7.832600812
621,0.54809533
622,0.465881016
623,0.411071569
624,0.383666702
625,0.301452389
626,0.274047665
627,0.246642941
628,0.164428628
629,0.136992158
630,0.109679526
631,0.054768264
632,0
633,-0.027455631
634,-0.027455631
635,-0.054768264
636,-0.054768264
637,-0.082214314
638,-0.109679526
639,-0.136992158
640,-0.191833351
641,-0.164428628
642,-0.164428628
643,-0.219238075
644,-0.246642941
645,-0.246642941
646,-0.246642941
647,-0.246642941
648,-0.274047665
649,-0.301452389
650,-0.274047665
