wl,abs,wl,em
300,39.6769,357,0.4077889
301,38.45545,358,0.4197077
302,37.22141,359,0.4248684
303,36.92561,360,0.4389125
304,35.3896,361,0.4497993
305,35.1948,362,0.4668288
306,34.8128,363,0.4875132
307,34.66686,364,0.5132118
308,34.92371,365,0.5307507
309,35.12189,366,0.5550021
310,35.4566,367,0.5793764
311,36.36887,368,0.6105278
312,37.23628,369,0.6408948
313,38.5789,370,0.6740292
314,39.7894,371,0.704393
315,40.464,372,0.7493368
316,41.48043,373,0.7941999
317,42.46042,374,0.8519521
318,43.44619,375,0.9233459
319,44.61993,376,1.014933
320,45.78345,377,1.128308
321,46.98555,378,1.280283
322,48.59724,379,1.457847
323,50.81538,380,1.68367
324,52.35275,381,1.962314
325,54.19646,382,2.311262
326,56.7771,383,2.724117
327,58.17888,384,3.186302
328,60.61769,385,3.712878
329,61.9741,386,4.285246
330,64.20868,387,4.895639
331,66.27422,388,5.519201
332,68.65628,389,6.173257
333,70.89711,390,6.837628
334,73.16686,391,7.518101
335,75.3623,392,8.202955
336,77.50044,393,8.951424
337,79.68511,394,9.762893
338,81.69334,395,10.63663
339,83.72993,396,11.63234
340,86.06662,397,12.77458
341,87.88255,398,14.0003
342,89.65761,399,15.33365
343,91.51267,400,16.72409
344,93.35072,401,18.25734
345,94.70089,402,19.83856
346,96.01189,403,21.52398
347,97.00977,404,23.23519
348,98.09332,405,25.0479
349,98.71223,406,26.84147
350,99.50587,407,28.69296
351,99.73338,408,30.60277
352,100,409,32.51728
353,99.77251,410,34.58037
354,99.46675,411,36.63194
355,99.02426,412,38.68056
356,98.29754,413,40.83333
357,97.25938,414,42.98611
358,96.00623,415,45.17361
359,94.85462,416,47.32639
360,93.22591,417,49.54861
361,91.71122,418,51.77083
362,90.29298,419,53.95833
363,88.46119,420,56.04167
364,86.40134,421,58.05556
365,84.35963,422,60.20833
366,82.36785,423,62.32639
367,80.11568,424,64.47916
368,77.50611,425,66.49306
369,75.07241,426,68.54166
370,72.59389,427,70.59028
371,69.92192,428,72.5
372,66.97765,429,74.375
373,64.28298,430,76.25
374,61.05508,431,78.09028
375,57.85552,432,79.86111
376,54.76886,433,81.49306
377,51.62037,434,83.125
378,48.376,435,84.61806
379,45.16453,436,86.18056
380,41.95419,437,87.67361
381,39.27032,438,89.09722
382,36.24095,439,90.27778
383,33.41071,440,91.52778
384,30.75518,441,92.56944
385,28.14619,442,93.50694
386,25.72383,443,94.44444
387,23.386,444,95.27778
388,21.36643,445,96.07639
389,19.28445,446,96.90972
390,17.49747,447,97.63889
391,15.81259,448,98.22916
392,14.41761,449,98.78472
393,12.92562,450,99.16666
394,11.59758,451,99.54861
395,10.45788,452,99.82639
396,9.425396,453,99.86111
397,8.318606,454,99.95123
398,7.451204,455,100
399,6.770443,456,99.82639
400,5.862207,457,99.58334
401,5.334625,458,99.375
402,4.755978,459,99.13194
403,4.222719,460,98.92361
404,3.814265,461,98.50694
405,3.462542,462,98.05556
406,2.975234,463,97.63889
407,2.839083,464,97.01389
408,2.571886,465,96.45834
409,2.310929,466,95.83334
410,2.226401,467,95.13889
411,1.971118,468,94.44444
412,1.903042,469,93.71528
413,1.846313,470,92.77778
414,1.624499,471,91.94444
415,1.415167,472,91.07639
416,1.403253,473,90.13889
417,1.255757,474,89.20139
418,1.125846,475,88.19444
419,1.176336,476,87.25694
420,1.103154,477,86.31944
421,1.035078,478,85.13889
422,0.8926872,479,83.99306
423,1.114501,480,82.74306
424,0.830851,481,81.42361
425,0.7281708,482,80.06944
426,0.6998068,483,78.64584
427,0.7060465,484,77.22222
428,0.59202,485,75.90278
429,0.6317299,486,74.61806
430,0.6317299,487,73.36806
431,0.371341,488,72.22222
432,0.3764468,489,71.18056
433,0.3877932,490,70.20834
434,0.2578815,491,69.16666
435,0.3991386,492,68.02084
436,0.3259579,493,67.01389
437,0.2295175,494,65.9375
438,0.2629872,495,64.86111
439,0.1671143,496,63.78472
440,6.44E-02,497,62.70833
441,0.1217306,498,61.73611
442,-0.0320063,499,60.72917
443,5.93E-02,500,59.72222
444,0.1671143,501,58.68056
445,0.1103842,502,57.63889
446,0.2351902,503,56.59722
447,0.1103842,504,55.52083
448,0.3032661,505,54.40972
449,2.60E-03,506,53.29861
450,7.07E-02,507,52.29167
,,508,51.18056
,,509,50.13889
,,510,49.13194
,,511,48.09028
,,512,47.08333
,,513,46.11111
,,514,45.17361
,,515,44.23611
,,516,43.33333
,,517,42.43056
,,518,41.52778
,,519,40.65972
,,520,39.75694
,,521,38.95833
,,522,38.02083
,,523,37.1875
,,524,36.28472
,,525,35.41667
,,526,34.59115
,,527,33.80953
,,528,33.08777
,,529,32.33566
,,530,31.55818
,,531,30.83455
,,532,30.06876
,,533,29.35102
,,534,28.606
,,535,27.89954
,,536,27.15483
,,537,26.52376
,,538,25.86646
,,539,25.27567
,,540,24.68156
,,541,24.13944
,,542,23.5678
,,543,22.97544
,,544,22.38068
,,545,21.80783
,,546,21.19905
,,547,20.64053
,,548,20.04942
,,549,19.44649
,,550,18.94361
,,551,18.47511
,,552,18.02097
,,553,17.56489
,,554,17.12564
,,555,16.6833
,,556,16.23247
,,557,15.77806
,,558,15.37671
,,559,14.95723
,,560,14.55141
,,561,14.16858
,,562,13.788
,,563,13.41413
,,564,13.06484
,,565,12.70634
,,566,12.39614
,,567,12.03256
,,568,11.70365
,,569,11.38151
,,570,11.0492
,,571,10.76368
,,572,10.51689
,,573,10.23031
,,574,9.970555
,,575,9.695781
,,576,9.42525
,,577,9.142698
,,578,8.879034
,,579,8.634105
,,580,8.40716
,,581,8.140705
,,582,7.920673
,,583,7.729535
,,584,7.534313
,,585,7.400858
,,586,7.228829
,,587,7.078323
,,588,6.909139
,,589,6.738993
,,590,6.603656
,,591,6.442895
,,592,6.316316
,,593,6.189798
,,594,6.021674
,,595,5.868038
,,596,5.748063
,,597,5.597948
,,598,5.474649
,,599,5.36
,,600,5.227882
,,601,5.133503
,,602,5.010538
,,603,4.90566
,,604,4.784986
,,605,4.68466
,,606,4.568451
,,607,4.469274
,,608,4.343538
,,609,4.222542
,,610,4.13799
,,611,4.033354
,,612,3.936666
,,613,3.856514
,,614,3.799188
,,615,3.734812
,,616,3.645174
,,617,3.525809
,,618,3.440255
,,619,3.377833
,,620,3.297246
,,621,3.247672
,,622,3.182738
,,623,3.095265
,,624,3.032848
,,625,2.956959
,,626,2.884719
,,627,2.832107
,,628,2.78129
,,629,2.730921
,,630,2.649284
,,631,2.574489
,,632,2.546835
,,633,2.49716
,,634,2.457962
,,635,2.427668
,,636,2.390547
,,637,2.340569
,,638,2.302606
,,639,2.269154
,,640,2.232203
,,641,2.206631
,,642,2.187819
Data Copyright MP Inc.