wl,abs,wl,em,Data copyright Molecular Probes
400,2.133978,725,2.896057895
401,2.162486,726,3.684734573
402,2.209465,727,4.101489352
403,2.251294,728,4.625752461
404,2.269056,729,5.167986602
405,2.291258,730,5.90383709
406,2.306355,731,6.3750599
407,2.324916,732,7.197855848
408,2.338238,733,7.796656831
409,2.338238,734,8.525663334
410,2.365768,735,9.429584416
411,2.375626,736,10.59319729
412,2.390723,737,11.62507547
413,2.411061,738,12.61532311
414,2.431575,739,13.79698735
415,2.467099,740,15.61672187
416,2.503421,741,16.70240832
417,2.515943,742,18.25271861
418,2.556795,743,19.80048465
419,2.617185,744,21.9227075
420,2.626954,745,24.35908824
421,2.660701,746,27.03796494
422,2.688232,747,28.49825984
423,2.690896,748,31.79368626
424,2.704128,749,33.79201209
425,2.65262,750,37.3503641
426,2.642051,751,40.1653036
427,2.566475,752,42.70828341
428,2.526512,753,45.64555128
429,2.425359,754,48.82215314
430,2.342767,755,52.45793758
431,2.225451,756,54.71763942
432,2.115328,757,58.52047104
433,2.001653,758,61.90164211
434,1.879098,759,64.67089282
435,1.743221,760,67.41108975
436,1.641091,761,71.15570039
437,1.508856,762,73.38205704
438,1.40042,763,77.93023026
439,1.28941,764,79.76303876
440,1.194474,765,82.83863358
441,1.082575,766,84.89790387
442,1.040746,767,87.19432772
443,0.9173024,768,89.99488335
444,0.8755625,769,91.4397313
445,0.8321351,770,93.1995717
446,0.7814255,771,94.89782473
447,0.7263643,772,96.75428523
448,0.6980344,773,98.32976382
449,0.6828482,774,99.02974659
450,0.63054,775,99.7241157
451,0.619883,776,100
452,0.5807185,777,99.85262624
453,0.5497243,778,99.53970792
454,0.5497243,779,99.29204442
455,0.5460832,780,99.07973655
456,0.5141121,781,98.31612985
457,0.5106485,782,97.24810674
458,0.4902226,783,96.76958499
459,0.4795656,784,95.9678306
460,0.4573635,785,94.39987225
461,0.452035,786,92.05549857
462,0.4377368,787,91.13105705
463,0.4458184,788,89.20352242
464,0.4076308,789,87.94766533
465,0.4085189,790,85.66728016
466,0.3942207,791,83.76798471
467,0.3818763,792,81.18416911
468,0.3515927,793,78.01098706
469,0.3552338,794,75.37360575
470,0.3348078,795,72.89092186
471,0.3126057,796,70.68903054
472,0.2912917,797,67.90792283
473,0.282322,798,64.78339887
474,0.2531041,799,61.95506315
475,0.2627842,800,58.08852968
476,0.2255735,801,56.62067954
477,0.2219323,802,52.05101099
478,0.2122522,803,50.65862745
479,0.2042594,804,48.14119418
480,0.1740646,805,45.52313696
481,0.1776169,806,44.58694546
482,0.1563029,807,41.36051374
483,0.1571021,808,39.68182832
484,0.1332127,809,38.45706854
485,0.1366762,810,35.97337851
486,0.1305484,811,34.66537825
487,0.1180264,812,33.13651238
488,9.68E-02,813,31.92781094
489,0.1021297,814,31.3516315
490,9.76E-02,815,28.6703761
491,0.1038171,816,27.06750524
492,0.104794,817,26.86794136
493,9.76E-02,818,25.99774202
494,9.49E-02,819,25.42221177
495,0.1002647,820,22.89807246
496,0.1180264,821,23.29963244
497,0.1206907,822,21.52068761
498,0.1252199,823,20.86756472
499,0.1225557,824,19.46650288
500,0.1215788,825,18.65325123
501,0.1305484,826,18.89304433
502,0.1464451,827,17.31320979
503,0.1473332,828,16.67313068
504,0.1793931,829,15.89083389
505,0.1740646,830,14.83394189
506,0.1909382,831,14.58083582
507,0.2015952,832,14.14461848
508,0.2379178,833,14.45516324
509,0.2371186,834,13.84483407
510,0.2637611,835,14.12822795
511,0.2584326,836,13.61105972
512,0.2859632,837,13.27888572
513,0.2886275,838,13.00406835
514,0.325927,839,12.46472307
515,0.3374721,840,12.20104709
516,0.3729067,841,12.32634628
517,0.3650027,842,11.18981279
518,0.3995492,843,11.21917085
519,0.4066539,844,10.28923694
520,0.4546105,845,10.76960463
521,0.4714841,846,9.694911529
522,0.5070962,847,9.865556258
523,0.5407546,848,9.071379815
524,0.5657098,849,9.20066492
525,0.5888,850,8.486181932
526,0.6216592,851,8.115740876
527,0.6536302,852,8.715586297
528,0.6828482,853,7.52900686
529,0.7219238,854,7.075789304
530,0.7538949,855,6.608807756
531,0.8001641,856,6.548557698
532,0.8259186,857,6.309402926
533,0.861442,858,6.144465524
534,0.9014058,859,6.116052458
535,0.9457212,860,5.949210731
536,0.9750279
537,1.032753
538,1.08515
539,1.111882
540,1.179287
541,1.232661
542,1.27973
543,1.313477
544,1.379195
545,1.417383
546,1.472444
547,1.541626
548,1.578037
549,1.640292
550,1.676704
551,1.74775
552,1.79473
553,1.881851
554,1.935047
555,2.004318
556,2.059379
557,2.142859
558,2.188151
559,2.265503
560,2.318789
561,2.373761
562,2.459905
563,2.510615
564,2.594006
565,2.663365
566,2.757502
567,2.809899
568,2.908388
569,2.963449
570,3.059362
571,3.125969
572,3.242308
573,3.321347
574,3.414596
575,3.51939
576,3.621608
577,3.729866
578,3.854287
579,3.945671
580,4.077196
581,4.189982
582,4.318666
583,4.458983
584,4.572747
585,4.736954
586,4.864838
587,5.029222
588,5.174779
589,5.35062
590,5.482146
591,5.672107
592,5.827521
593,6.017571
594,6.188084
595,6.376447
596,6.561168
597,6.764451
598,6.919866
599,7.125013
600,7.308047
601,7.509553
602,7.68726
603,7.897736
604,8.086808
605,8.314247
606,8.514955
607,8.720101
608,8.908287
609,9.143629
610,9.335545
611,9.561118
612,9.765288
613,10.0025
614,10.22976
615,10.44476
616,10.67558
617,10.92246
618,11.14901
619,11.40647
620,11.67209
621,11.92786
622,12.20308
623,12.4989
624,12.79108
625,13.09303
626,13.4091
627,13.7297
628,14.0717
629,14.41974
630,14.7803
631,15.13909
632,15.5334
633,15.90373
634,16.3309
635,16.75451
636,17.2093
637,17.65246
638,18.14978
639,18.62571
640,19.12224
641,19.61512
642,20.12488
643,20.65054
644,21.1825
645,21.71988
646,22.25895
647,22.78914
648,23.32456
649,23.85386
650,24.39826
651,24.89647
652,25.41431
653,25.91875
654,26.43641
655,26.90443
656,27.41428
657,27.88488
658,28.36355
659,28.81825
660,29.28459
661,29.73484
662,30.19567
663,30.66289
664,31.14601
665,31.64689
666,32.16376
667,32.69749
668,33.241
669,33.76586
670,34.35022
671,34.92481
672,35.51716
673,36.11298
674,36.71785
675,37.32442
676,37.95842
677,38.58372
678,39.20618
679,39.82517
680,40.43893
681,41.04282
682,41.67327
683,42.2603
684,42.83764
685,43.36428
686,43.89082
687,44.38815
688,44.85804
689,45.29577
690,45.73813
691,46.10215
692,46.46449
693,46.78252
694,47.07638
695,47.33668
696,47.58179
697,47.77442
698,47.93072
699,48.08089
700,48.20168
701,48.30816
702,48.40318
703,48.48755
704,48.58879
705,48.65815
706,48.77005
707,48.87387
708,49.00619
709,49.15894
710,49.3473
711,49.57901
712,49.85609
713,50.17411
714,50.59861
715,51.04523
716,51.61192
717,52.20329
718,52.90941
719,53.68915
720,54.56915
721,55.53539
722,56.56467
723,57.74059
724,58.99625
725,60.37189
726,61.80704
727,63.39591
728,65.00414
729,66.71735
730,68.50151
731,70.33532
732,72.26157
733,74.13276
734,76.08389
735,78.05108
736,80.04749
737,81.96576
738,83.92842
739,85.75868
740,87.55616
741,89.2746
742,90.90957
743,92.50101
744,93.94779
745,95.26917
746,96.43621
747,97.45031
748,98.29053
749,98.99212
750,99.50454
751,99.8588
752,100
753,99.97869
754,99.73446
755,99.27097
756,98.6368
757,97.7567
758,96.56586
759,95.25408
760,93.67062
761,91.89011
762,89.88747
763,87.83866
764,85.46383
765,83.18155
766,80.69571
767,78.2597
768,75.72243
769,73.15508
770,70.58229
771,67.93224
772,65.35316
773,62.69077
774,60.05396
775,57.47771
776,54.96701
777,52.45116
778,50.02482
779,47.61545
780,45.24604
781,42.92734
782,40.62365
783,38.41489
784,36.26404
785,34.22669
786,32.24723
787,30.36272
788,28.49233
789,26.76767
790,25.08208
791,23.49516
792,22.04306
793,20.62034
794,19.32561
795,18.06275
796,16.8594
797,15.78117
798,14.78661
799,13.84781
800,12.9838
801,12.17209
802,11.38702
803,10.69156
804,10.00507
805,9.391494
806,8.795588
807,8.265402
808,7.759194
809,7.275099
810,6.821377
811,6.419963
812,6.029206
813,5.705854
814,5.317761
815,5.015901
816,4.7104
817,4.436781
818,4.175684
819,3.93155
820,3.71841
821,3.52836
822,3.334668
823,3.150924
824,2.991957
825,2.827661
826,2.713009
827,2.558571
828,2.431575
829,2.326781
830,2.205114
831,2.09588
832,2.016751
833,1.931495
834,1.842687
835,1.775281
836,1.703257
837,1.610097
838,1.563917
839,1.519424
840,1.439496
841,1.388875
842,1.337455
843,1.272536
844,1.231684
845,1.174048
846,1.134972
847,1.090568
848,1.051403
849,1.01588
850,0.9901254
851,0.9440339
852,0.9129509
853,0.8871964
854,0.8570015
855,0.828494
856,0.8081569
857,0.7947468
858,0.7627758
859,0.7370213
860,0.7139311
861,0.6890647
862,0.6758323
863,0.6571825
864,0.6367566
865,0.6189061
866,0.599457
867,0.577255
868,0.5842708
869,0.5745019
870,0.5309857
