wl,ex,wl,em,Data copyright Molecular Probes
400,3.89154921,560,4.20544052
401,3.742818772,561,4.552703563
402,3.377818657,562,5.283511566
403,2.957689081,563,6.298414409
404,2.525371356,564,7.407290549
405,2.246471559,565,8.586687033
406,1.961897026,566,10.15847228
407,1.668500977,567,12.08729185
408,1.40129725,568,14.03532328
409,1.190703705,569,16.33987335
410,1.007256606,570,18.84253707
411,0.900677037,571,21.79894376
412,0.791250129,572,25.20066348
413,0.643256067,573,29.18783501
414,0.593390313,574,33.4335247
415,0.562763816,575,37.9788063
416,0.537186998,576,42.46382797
417,0.489907971,577,47.37040243
418,0.474977789,578,52.26374111
419,0.457504858,579,57.61118207
420,0.43207514,580,62.72310345
421,0.464360086,581,67.97791769
422,0.439481526,582,72.93103475
423,0.44983097,583,77.61081066
424,0.461415359,584,81.62494697
425,0.445254174,585,85.89943385
426,0.520147987,586,89.73902727
427,0.520577333,587,92.85679628
428,0.532970527,588,95.36467138
429,0.538451541,589,97.32765448
430,0.522530869,590,98.79462394
431,0.573166267,591,99.68129453
432,0.624199068,592,100
433,0.643459867,593,99.50763478
434,0.66992429,594,99.23921439
435,0.699123382,595,98.47939856
436,0.73987962,596,97.49634914
437,0.768354302,597,96.23296391
438,0.798081016,598,94.38707593
439,0.794228834,599,92.29129122
440,0.817247165,600,90.44699418
441,0.891054503,601,87.62063041
442,0.984118649,602,85.39849468
443,1.014126873,603,82.7129519
444,1.091292764,604,80.24812896
445,1.146515822,605,78.09110969
446,1.163706575,606,76.22272327
447,1.25049405,607,74.12486319
448,1.350242593,608,71.36079635
449,1.352438662,609,68.76822661
450,1.427444294,610,66.37440464
451,1.497619229,611,64.53333607
452,1.564988279,612,62.45812921
453,1.679240178,613,60.84640908
454,1.782865783,614,59.24711071
455,1.826570862,615,57.86820551
456,1.937666764,616,56.42593794
457,2.038452018,617,54.972393
458,2.188132974,618,53.73334905
459,2.331597528,619,52.70878599
460,2.442018113,620,51.5889988
461,2.574160572,621,50.8455052
462,2.733679679,622,49.49545289
463,2.91227327,623,48.78100571
464,2.983226837,624,48.21933881
465,3.186528222,625,47.22469829
466,3.288599996,626,46.38623607
467,3.483315584,627,46.22004783
468,3.551778239,628,45.64304118
469,3.659921544,629,44.85179616
470,3.880139438,630,44.50668947
471,4.052786796,631,44.55792448
472,4.27400234,632,43.2941007
473,4.429388938,633,42.85670089
474,4.664633361,634,42.47035782
475,4.906710807,635,42.01518299
476,5.087766476,636,41.56400842
477,5.347851644,637,41.5804325
478,5.596781338,638,41.1056899
479,5.929043714,639,40.64472864
480,6.133271733,640,40.58561218
481,6.582237931,641,40.06077933
482,6.819162371,642,39.44695542
483,7.194841195,643,38.76378235
484,7.605936206,644,38.30943121
485,7.994726058,645,37.90896952
486,8.623653288,646,37.16906067
487,9.137160227,647,36.45826702
488,9.561789319,648,35.35301432
489,10.14175876,649,34.39765033
490,10.7408915,650,33.84321567
491,11.42209303,651,32.65883212
492,11.74113755,652,32.26913739
493,12.44496261,653,31.64474295
494,13.07195297,654,30.66688552
495,13.67576883,655,30.59919852
496,14.11394736,656,29.41422819
497,14.72570655,657,28.85712812
498,15.36200707,658,28.17913602
499,15.63754864,659,27.11660613
500,16.09801367,660,26.27519434
501,16.70472505,661,25.61022183
502,17.23397545,662,24.93458896
503,17.55985427,663,24.66758672
504,18.0221993,664,24.35691894
505,18.55596599,665,23.01943125
506,18.94140728,666,22.5070035
507,19.28837669,667,21.68585277
508,19.68835679,668,21.33368191
509,20.33293763,669,20.36291738
510,20.89045795,670,19.91563594
511,21.38637275,671,19.41040258
512,21.94610044,672,18.89522013
513,22.70469114,673,18.12624981
514,23.23943181,674,17.58288907
515,24.1465507,675,16.86760123
516,25.22290595,676,16.55226289
517,26.02432645,677,16.10459909
518,26.99264239,678,14.91138534
519,28.17599146,679,14.960851
520,29.15999787,680,14.27361177
521,30.16226669,681,13.94633608
522,31.31010534,682,13.4208836
523,32.68399912,683,13.05032868
524,33.8559359,684,12.97138778
525,35.28405392,685,12.54390058
526,36.92563781,686,11.98961107
527,37.901378,687,11.68791383
528,39.47732252,688,11.55370527
529,40.7224688,689,11.43075305
530,41.84377838,690,10.80256079
531,43.38343156,691,10.52743181
532,44.29315832,692,10.44606597
533,45.22676254,693,10.27270451
534,45.94153983,694,9.925810594
535,46.93755087,695,9.894233145
536,47.83364923,696,9.671631615
537,48.42574217,697,9.46913371
538,48.69785469,698,9.305623336
539,49.06868112,699,8.892320979
540,50.15943898,700,8.912815408
541,49.77271017,701,8.670296513
542,50.19353932,702,8.659071936
543,50.5044514,703,8.289834592
544,50.81748852,704,8.235155498
545,51.04512163,705,7.834787507
546,51.13606142,706,8.179834631
547,51.41387021,707,7.878576005
548,52.44115681,708,7.670669877
549,53.12127043,709,7.319543602
550,53.56996182,710,7.300048845
551,55.09871342,711,7.052610733
552,55.5363177,712,6.952630378
553,56.75293983,713,6.886903571
554,57.94368857,714,6.743630069
555,59.08019867,715,6.703743888
556,61.76115801,716,6.394048601
557,63.11066043,717,6.28832366
558,65.57679425,718,6.367930238
559,67.70959896,719,5.951418406
560,70.25165031,720,5.890442496
561,73.15616864,721,5.749288788
562,75.50141995,722,5.648444851
563,78.14562228,723,5.695958401
564,81.06925431,724,5.198365857
565,83.0872925,725,5.151739165
566,86.58319455,726,5.10899263
567,89.95359111,727,5.026993024
568,92.10660549,728,4.74698401
569,94.41395643,729,4.598342102
570,96.14614989,730,4.534946686
571,97.87436729,731,4.468189368
572,98.73564,732,4.415659556
573,100,733,4.177634359
574,99.67936194,734,4.14679289
575,99.38271416,735,4.061506631
576,97.42840027,736,3.98259666
577,96.37056584,737,3.869708924
578,93.98170178,738,3.721057153
579,90.59962119,739,3.730524256
580,87.29840885,740,3.47456419
581,83.24156051,741,3.376342162
582,78.67126794,742,3.318065458
583,74.12563719,743,3.306712341
584,68.64113735,744,3.265981634
585,62.79915303,745,3.100418992
586,57.72956936,746,3.058838886
587,52.94727704,747,2.921273599
588,48.42426757,748,2.962842238
589,43.65526862,749,3.0482428
590,39.20045302,750,2.784034296
591,34.84508794
592,31.05982383
593,27.73335485
594,24.59148437
595,21.60375699
596,18.56512465
597,16.26347136
598,14.19069799
599,12.14860511
600,10.46570115
601,8.815202068
602,7.703968676
603,6.798832817
604,5.914237461
605,5.288564372
606,4.57820101
607,4.044595147
608,3.581031382
609,3.201825553
610,2.853410341
611,2.525905076
612,2.194245226
613,2.029612085
614,1.779320495
615,1.612422807
616,1.497923963
617,1.323185872
618,1.240977693
619,1.137524656
620,1.057810128
