wl,abs,wl,em
300,10.09457,620,5.804589
301,9.983654,621,6.328433
302,9.978789,622,6.857565
303,9.951546,623,7.603078
304,10.00516,624,8.253466
305,10.2162,625,9.12067
306,10.40301,626,9.979911
307,10.61609,627,11.08944
308,10.9363,628,11.97077
309,11.17176,629,13.62828
310,11.55307,630,15.18059
311,11.85479,631,16.92066
312,12.19144,632,18.94299
313,12.52226,633,21.17057
314,12.93081,634,23.68552
315,13.29665,635,26.47639
316,13.67329,636,28.66745
317,14.12077,637,31.84884
318,14.50315,638,33.8616
319,14.87006,639,37.15727
320,15.33796,640,41.00715
321,15.56282,641,43.46567
322,15.82844,642,47.03951
323,16.24965,643,51.1444
324,16.4385,644,54.87452
325,16.53775,645,58.23869
326,16.65061,646,62.06331
327,16.59019,647,66.12329
328,16.46185,648,69.89633
329,16.13299,649,73.23419
330,15.73299,650,77.43266
331,15.25341,651,80.86384
332,14.72499,652,83.86673
333,14.13828,653,86.95299
334,13.52627,654,89.49531
335,12.92497,655,92.24561
336,12.31404,656,94.64143
337,11.70982,657,96.01051
338,11.19696,658,97.54745
339,10.62582,659,98.09855
340,10.14624,660,100
341,9.733696,661,98.67397
342,9.298676,662,98.96195
343,8.899852,663,98.68902
344,8.541697,664,97.02715
345,8.219738,665,97.66529
346,7.911206,666,95.84831
347,7.643734,667,93.70728
348,7.335299,668,92.62892
349,7.089135,669,90.21731
350,6.878873,670,89.48878
351,6.65898,671,87.56393
352,6.484914,672,85.62403
353,6.328167,673,83.64232
354,6.193993,674,80.86844
355,6.069451,675,79.90224
356,6.004261,676,78.22831
357,5.908813,677,75.90772
358,5.871936,678,73.98505
359,5.81745,679,72.92399
360,5.740584,680,70.79092
361,5.697676,681,69.59895
362,5.650097,682,67.44852
363,5.594637,683,65.94965
364,5.552701,684,63.78727
365,5.453457,685,62.79875
366,5.379511,686,61.39818
367,5.237553,687,58.57415
368,5.166526,688,57.85097
369,4.991389,689,56.04073
370,4.855075,690,54.24528
371,4.75009,691,53.28699
372,4.601224,692,51.96687
373,4.48145,693,49.65723
374,4.39972,694,47.75478
375,4.292692,695,46.91128
376,4.194519,696,45.80692
377,4.088463,697,44.17933
378,3.997003,698,43.78669
379,3.918192,699,41.62655
380,3.830624,700,40.56256
381,3.766407,701,38.29784
382,3.700147,702,36.73658
383,3.635055,703,36.63262
384,3.568892,704,35.0143
385,3.530946,705,33.92045
386,3.431702,706,33.58269
387,3.354836,707,32.61302
388,3.272036,708,31.24412
389,3.198089,709,30.38886
390,3.119375,710,30.11934
391,3.07744,711,28.75437
392,3.009331,712,28.73688
393,2.985979,713,28.51814
394,2.951925,714,27.79558
395,2.935385,715,27.61423
396,2.924779,716,27.41757
397,2.940346,717,26.98648
398,2.938401,718,26.21683
399,2.951925,719,26.54924
400,2.984131,720,25.99566
401,3.022077,721,25.75545
402,3.067807,722,25.93519
403,3.108672,723,25.34994
404,3.145548,724,24.70216
405,3.186413,725,24.3664
406,3.244792,726,24.47527
407,3.285657,727,24.33809
408,3.343063,728,23.74543
409,3.419929,729,23.65709
410,3.466632,730,23.18974
411,3.540578,731,22.80283
412,3.612579,732,22.71959
413,3.693433,733,22.04724
414,3.748796,734,21.46217
415,3.834418,735,21.92256
416,3.885111,736,21.44195
417,3.959933,737,20.9522
418,4.015393,738,20.35401
419,4.090409,739,20.00673
420,4.148788,740,19.9164
421,4.156572,741,19.85798
422,4.228572,742,19.02549
423,4.241221,743,18.90261
424,4.270313,744,18.41
425,4.27907,745,17.87944
426,4.305438,746,17.42963
427,4.303395,747,17.3253
428,4.304465,748,16.68505
429,4.317017,749,16.69849
430,4.311179,750,16.2246
431,4.258735,751,15.2367
432,4.276151,752,15.30495
433,4.241221,753,14.55651
434,4.242194,754,14.93733
435,4.242194,755,14.4393
436,4.200356,756,13.93587
437,4.194519,757,13.75582
438,4.208043,758,13.32828
439,4.196367,759,12.80413
440,4.247059,760,12.82217
441,4.284908,761,13.04172
442,4.313222,762,12.2465
443,4.328692,763,11.60246
444,4.403709,764,11.65285
445,4.451288,765,11.17374
446,4.535061,766,10.88475
447,4.607062,767,11.02866
448,4.666317,768,10.3298
449,4.717885,769,10.13781
450,4.796793,770,10.4128
451,4.861983,771,10.17589
452,4.946632,772,9.32548
453,4.990417,773,9.066979
454,5.093455,774,9.245907
455,5.171293,775,8.695498
456,5.262851,776,8.754477
457,5.326095,777,8.836662
458,5.396052,778,8.5725
459,5.496366,779,8.78378
460,5.574107,780,8.494982
461,5.64027,781,7.962614
462,5.735622,782,7.845776
463,5.798866,783,7.994343
464,5.867072,784,7.877007
465,5.964272,785,7.670954
466,6.044154,786,7.136533
467,6.125787,787,7.273716
468,6.233885,788,7.015651
469,6.31075,789,7.123967
470,6.443076,790,6.672851
471,6.536482,791,6.153299
472,6.651294,792,6.083371
473,6.746548,793,6.442098
474,6.914971,794,6.263045
475,7.006432,795,5.882916
476,7.156271,796,6.074785
477,7.292488,797,6.15218
478,7.445246,798,5.537814
479,7.565896,799,5.290264
480,7.728286,800,5.722777
481,7.841249,,
482,8.018331,,
483,8.150559,,
484,8.335523,,
485,8.464831,,
486,8.657481,,
487,8.815104,,
488,8.979538,,
489,9.160513,,
490,9.301692,,
491,9.465153
492,9.634354
493,9.796842
494,9.965265
495,10.12279
496,10.27759
497,10.42831
498,10.60052
499,10.74365
500,10.91976
501,11.05393
502,11.21263
503,11.37122
504,11.53566
505,11.66603
506,11.82658
507,11.95696
508,12.11351
509,12.25264
510,12.39188
511,12.51827
512,12.67307
513,12.79265
514,12.97751
515,13.10789
516,13.25588
517,13.392
518,13.54574
519,13.69762
520,13.84347
521,13.99535
522,14.1412
523,14.27946
524,14.44487
525,14.58099
526,14.73374
527,14.86811
528,15.04714
529,15.1892
530,15.34098
531,15.52877
532,15.66683
533,15.82251
534,16.02207
535,16.19224
536,16.38197
537,16.5756
538,16.78197
539,16.99203
540,17.23051
541,17.46013
542,17.72576
543,17.97679
544,18.26479
545,18.56242
546,18.8728
547,19.22502
548,19.6181
549,20.00243
550,20.40816
551,20.81682
552,21.28871
553,21.76937
554,22.29001
555,22.82709
556,23.39726
557,23.99846
558,24.63187
559,25.30615
560,25.97264
561,26.66745
562,27.38346
563,28.14336
564,28.89654
565,29.68748
566,30.50965
567,31.31148
568,32.13754
569,32.97917
570,33.84697
571,34.70621
572,35.57994
573,36.45845
574,37.35661
575,38.24289
576,39.17404
577,40.11588
578,41.07145
579,42.04151
580,42.99989
581,44.00304
582,44.97787
583,46.00835
584,47.04253
585,48.04859
586,49.06059
587,50.10839
588,51.15736
589,52.16537
590,53.20928
591,54.23685
592,55.30118
593,56.36183
594,57.43298
595,58.51017
596,59.65625
597,60.71786
598,61.86102
599,63.05973
600,64.26136
601,65.47963
602,66.81446
603,68.12604
604,69.4707
605,70.89816
606,72.37611
607,73.90749
608,75.46533
609,77.09692
610,78.67616
611,80.32439
612,81.95792
613,83.54681
614,85.19319
615,86.70997
616,88.17731
617,89.62793
618,91.02708
619,92.29789
620,93.57444
621,94.62711
622,95.66245
623,96.64516
624,97.50431
625,98.22033
626,98.88584
627,99.35287
628,99.70227
629,99.92995
630,99.99125
631,100
632,99.92995
633,99.53288
634,99.09698
635,98.48021
636,97.72517
637,96.75112
638,95.66138
639,94.41996
640,92.94482
641,91.39876
642,89.60556
643,87.65376
644,85.52293
645,83.2481
646,80.75445
647,78.12634
648,75.34857
649,72.45785
650,69.44832
651,66.28623
652,63.1688
653,59.87906
654,56.54758
655,53.16462
656,49.8886
657,46.47918
658,43.20227
659,39.97003
660,36.83013
661,33.7847
662,30.85418
663,28.11913
664,25.51446
665,23.06246
666,20.73227
667,18.61214
668,16.62629
669,14.83396
670,13.19643
671,11.76139
672,10.43512
673,9.237378
674,8.233262
675,7.310877
676,6.488708
677,5.760919
678,5.127606
679,4.587602
680,4.064139
681,3.620363
682,3.236035
683,2.874184
684,2.586182
685,2.312774
686,2.054935
687,1.838835
688,1.632661
689,1.472119
690,1.312453
691,1.197739
692,1.061424
693,0.9603316
694,0.8570984
695,0.7841248
696,0.7044378
697,0.6275724
698,0.5682206
699,0.5146093
700,0.4582737
701,0.4232464
702,0.3998949
703,0.3492999
704,0.3141753
705,0.295786
706,0.2849859
707,0.2577425
708,0.2431478
709,0.2275801
710,0.2197963
711,0.2052989
712,0.197515
713,0.1925528
714,0.1867149
715,0.1761094
716,0.1430281
717,0.1517849
718,0.150812
719,0.1439038
720,0.1420551
721,0.1390389
722,0.1380659
723,0.132228
724,0.1313524
725,0.1313524
726,0.1235685
727,0.1342713
728,0.1244442
729,0.1255145
730,0.1206496
731,0.1127684
732,0.1167576
733,0.1060549
734,0.1108225
735,0.1108225
736,0.1089738
737,0.1148117
738,0.1020656
739,0.1108225
740,0.1098495
741,0.1098495
742,0.1060549
743,0.1118927
744,0.1118927
745,0.1040116
746,0.1196766
747,0.1137414
748,0.1098495
749,0.1118927
750,9.83E-02
Data Copyright MP Inc.