wl,ex ,wl,em,Data copyright Molecular Probes 
200,19.05453,400,0.22533
201,20.14308,401,0.256793
202,20.7880102,402,0.249637497
203,21.50895888,403,0.294456041
204,21.62993137,404,0.501553035
205,22.18183019,405,0.564314354
206,22.16618666,406,0.60588221
207,22.50997041,407,0.65015044
208,22.8295846,408,0.638248314
209,22.56051585,409,0.518433578
210,21.97306695,410,0.675720815
211,22.24508989,411,0.802523251
212,21.08173465,412,0.851641917
213,20.88069968,413,0.956035082
214,21.10019526,414,1.081916063
215,20.87814437,415,1.143679139
216,20.62025669,416,1.188625663
217,21.35469247,417,1.285711178
218,22.05169595,418,1.424402942
219,23.26188207,419,1.460480462
220,24.06296802,420,1.516177293
221,24.7844527,421,1.480547703
222,25.01284826,422,1.45693542
223,24.24040681,423,1.475530892
224,23.18992183,424,1.616052769
225,23.79281482,425,1.530536632
226,23.26956049,426,1.594552154
227,23.25440309,427,1.624537833
228,23.44642589,428,1.613403586
229,23.86946189,429,1.627417379
230,23.60132802,430,1.582086916
231,24.49421844,431,1.671544832
232,24.8989808,432,1.785549283
233,25.3088538,433,1.834092041
234,26.14368241,434,1.866163791
235,26.41934513,435,2.074476594
236,27.91381972,436,2.10054609
237,28.73266824,437,2.00285907
238,30.28835828,438,2.039627681
239,31.82442847,439,2.039448509
240,33.05053235,440,2.029286909
241,32.8445114,441,2.048995806
242,35.41757947,442,2.179983183
243,37.44931901,443,2.131837164
244,38.46573724,444,2.128535283
245,40.14247456,445,2.00260311
246,41.34853477,446,2.060347619
247,44.95052842,447,2.068179986
248,47.24247287,448,2.097090634
249,49.65512182,449,2.107508194
250,50.896,450,2.314822754
251,51.78563,451,2.314707572
252,53.6998162,452,2.477984266
253,55.54244601,453,2.770085478
254,57.22210761,454,3.035669264
255,58.67090333,455,3.302136112
256,59.83333333,456,3.75019357
257,61.33333333,457,3.93476611
258,62.83333333,458,4.232037708
259,64.67943333,459,4.356562103
260,65.83333333,460,4.510406682
261,67.33333333,461,4.659144864
262,68.83333333,462,5.126847229
263,70.33333333,463,5.442983057
264,71.8783456,464,6.060792989
265,73.45333333,465,6.725853082
266,74.83333333,466,7.487717134
267,76.33333333,467,8.054386317
268,77.83333333,468,8.696691593
269,79.33333333,469,9.303316086
270,80.83333333,470,9.896707462
271,82.23786554,471,10.57530782
272,83.83333333,472,11.45839439
273,84.33333333,473,12.50413055
274,85.87894,474,13.57094499
275,86.5596701,475,14.79555859
276,87.97798562,476,15.9908392
277,88.01520788,477,17.2421238
278,89.66366219,478,18.38852891
279,90.01876414,479,19.6303302
280,91.48763569,480,20.71668716
281,92.68697542,481,21.8051174
282,94.0379552,482,22.92696318
283,95.23389386,483,24.47847571
284,97.20939715,484,26.01418273
285,98.14229974,485,27.76620129
286,99.02949784,486,29.4766392
287,99.69207795,487,31.40226243
288,99.78685781,488,33.164353
289,100,489,34.96396727
290,98.92829591,490,36.57945693
291,97.43520867,491,38.54700636
292,96.05640896,492,40.18112988
293,95.04036468,493,41.89732688
294,94.12841532,494,43.39534384
295,92.9294726,495,45.51149067
296,91.37865636,496,47.36102988
297,89.7669737,497,49.44713984
298,89.41962497,498,51.50184355
299,88.03755943,499,53.48505771
300,88.01963481,500,55.10215992
301,87.29129441,501,57.44274501
302,87.04446316,502,59.33076776
303,85.08720178,503,61.12083474
304,83.34422564,504,63.61230808
305,81.27014261,505,66.18481826
306,78.60914667,506,67.42725945
307,76.43760007,507,69.57659146
308,75.21279254,508,71.44614672
309,74.37838774,509,72.75834973
310,73.06825753,510,74.3806991
311,72.3017494,511,76.46606678
312,71.60204101,512,77.59500264
313,71.32660267,513,79.48916843
314,70.32282391,514,81.73660979
315,69.79515699,515,83.3218706
316,69.4196125,516,85.30642856
317,69.22842486,517,87.43592369
318,68.40574959,518,88.55336696
319,67.62395904,519,89.95656364
320,67.43087672,520,91.53161166
321,67.20159726,521,92.26073847
322,67.09494701,522,93.70030702
323,66.95609901,523,94.93125844
324,66.54277509,524,95.39228256
325,66.21559467,525,96.21051662
326,66.12893636,526,97.64104083
327,65.84113277,527,98.08050841
328,65.8484497,528,98.58946495
329,65.66925335,529,99.41426054
330,65.83163446,530,100
331,66.08338937,531,99.84344097
332,66.02199942,532,99.3025738
333,65.92259013,533,98.93376736
334,65.78465712,534,98.5423897
335,65.39060341,535,98.30046214
336,64.92879282,536,97.16902683
337,64.56376235,537,96.46896169
338,63.90118673,538,95.34389082
339,62.94477522,539,94.64816291
340,62.2131928,540,93.88031836
341,61.18121754,541,92.14574857
342,60.45464716,542,91.83162203
343,59.77379827,543,90.38506066
344,58.66302025,544,90.05667664
345,58.14257054,545,89.19344743
346,56.90192004,546,88.61014778
347,55.81177154,547,87.55383152
348,54.58068167,548,86.37834939
349,53.7235657,549,84.64077976
350,52.30147517,550,83.41319703
351,51.22951305,551,81.95773337
352,49.62357673,552,79.64154124
353,48.27731058,553,78.30651942
354,46.81953285,554,77.13496627
355,45.48234119,555,75.26402883
356,44.30835333,556,73.9748366
357,43.25253335,557,73.16459617
358,42.22517088,558,72.37369349
359,40.75300858,559,71.19470471
360,39.26347011,560,70.31257799
361,37.64737485,561,68.83215827
362,36.08678608,562,66.95205747
363,34.30549262,563,65.36225337
364,33.08772781,564,64.44338363
365,31.4328665,565,63.40276667
366,29.65896477,566,62.46422643
367,27.78948169,567,61.90259965
368,26.05697611,568,60.67755093
369,24.25221113,569,59.29832487
370,22.99114302,570,57.58688872
371,21.61686809,571,56.52323538
372,20.15628574,572,55.47483724
373,18.44603013,573,54.74623515
374,16.61562471,574,53.35840885
375,14.92488923,575,52.68135705
376,13.21095646,576,51.90435298
377,11.5867465,577,50.98349956
378,10.44505537,578,49.96044143
379,9.429858703,579,49.33828018
380,8.083929107,580,48.20528736
381,7.010757889,581,47.16949523
382,6.094034454,582,46.10957891
383,5.136226493,583,44.93952312
384,4.308128965,584,43.81524573
385,3.833562793,585,42.67393422
386,3.251997355,586,41.52522547
387,2.783813245,587,40.59285386
388,2.285102434,588,39.53800554
389,1.933764912,589,38.24229913
390,1.582564505,590,37.60517704
391,1.284975915,591,36.49570692
392,1.042482473,592,35.48183774
393,0.926383783,593,34.60091403
394,0.652491092,594,34.03941523
395,0.390440119,595,33.20750781
396,0.166033343,596,32.46646608
397,-0.054908174,597,31.72675534
398,-0.214509594,598,31.19108288
399,-0.294958482,599,30.36768611
400,-0.272671124,600,29.52653854
401,-0.205335379,601,28.52206309
402,-0.178747608,602,27.89616483
403,-0.129224299,603,27.06526844
404,-0.114054436,604,26.36904526
405,-0.156323134,605,25.47995644
406,-0.207591538,606,24.80876611
407,-0.240399328,607,24.08667819
408,-0.314727918,608,23.3720643
409,-0.284462981,609,22.65426371
410,-0.357644795,610,22.15436162
411,-0.337488945,611,21.60493132
412,-0.208501481,612,20.6980405
413,-0.12152095,613,19.71916102
414,-0.024044919,614,19.10577919
415,0.147335894,615,18.47680941
416,0.236934067,616,18.15940658
417,0.239913194,617,17.85210137
418,0.318878751,618,17.43374803
419,0.31774444,619,16.79285053
420,0.295295036,620,16.15722581
421,0.176154895,621,15.3620358
422,0.083727174,622,14.70675337
423,-0.016279245,623,14.34597817
424,-0.084238238,624,13.88560905
425,-0.114378525,625,13.55929882
426,-0.048027513,626,13.02340879
427,-0.024431333,627,12.42958229
428,-0.000461204,628,11.73959172
429,-0.016204455,629,11.27885146
430,-0.022436938,630,10.72908841
431,0.061202981,631,10.47367902
432,0.122991816,632,10.15672413
433,0.155699886,633,9.863842237
434,0.201084826,634,9.529763634
435,0.217027517,635,9.123440406
436,0.207953022,636,8.600386755
437,0.294509744,637,8.442472417
438,0.449499127,638,8.214271545
439,0.569050612,639,7.973656628
440,0.619222099,640,7.84082634
441,0.712971106,641,7.600147433
442,0.774311202,642,7.18870501
443,0.719128799,643,6.867475585
444,0.724575989,644,6.445142077
445,0.82767372,645,6.065016324
446,0.837396393,646,5.891859586
447,0.815171359,647,5.604058497
448,0.654236187,648,5.448127847
449,0.5859905,649,5.199053461
450,0.471375141,650,5.361395902
451,0.330159545
452,0.175170162
453,0.224656076
454,0.162705197
455,0.203602749
456,0.189467478
457,0.127229904
458,0.009273934
459,-0.140629743
460,-0.284375726
461,-0.376329778
462,-0.514142438
463,-0.53164325
464,-0.55902878
465,-0.665878465
466,-0.724775428
467,-0.695657268
468,-0.736941235
469,-0.678455616
470,-0.532154314
471,-0.433656155
472,-0.316909287
473,-0.144817971
474,0.028769141
475,0.116335524
476,0.194553184
477,0.347785007
478,0.344082912
479,0.32189
480,0.274721
