wl,abs
250,27.42275
251,28.127
252,28.90345
253,29.87244
254,30.88434
255,31.96216
256,33.03789
257,34.1063
258,35.01041
259,35.75129
260,36.22218
261,36.36763
262,36.20858
263,35.78686
264,35.11296
265,34.32291
266,33.38426
267,32.40062
268,31.34163
269,30.25648
270,29.21842
271,28.23478
272,27.34322
273,26.57409
274,25.8824
275,25.23676
276,24.69889
277,24.16103
278,23.69955
279,23.23389
280,22.80694
281,22.37477
282,21.96457
283,21.52088
284,21.08871
285,20.60839
286,20.14692
287,19.69905
288,19.22815
289,18.78342
290,18.31671
291,17.91174
292,17.52456
293,17.16982
294,16.88206
295,16.67172
296,16.50743
297,16.41326
298,16.35675
299,16.38919
300,16.45093
301,16.55871
302,16.678
303,16.8245
304,16.93019
305,17.04844
306,17.13843
307,17.15727
308,17.11018
309,16.99193
310,16.77114
311,16.4729
312,16.03236
313,15.52484
314,14.91267
315,14.2325
316,13.48011
317,12.69843
318,11.8414
319,10.98438
320,10.13363
321,9.278696
322,8.49178
323,7.681843
324,6.982828
325,6.329856
326,5.754319
327,5.250986
328,4.793696
329,4.418028
330,4.122935
331,3.895859
332,3.738895
333,3.623787
334,3.561002
335,3.559955
336,3.57042
337,3.622741
338,3.694945
339,3.792263
340,3.908416
341,4.017245
342,4.154328
343,4.307106
344,4.428492
345,4.596968
346,4.761257
347,4.918221
348,5.126461
349,5.310633
350,5.514687
351,5.714555
352,5.918609
353,6.104873
354,6.269163
355,6.416709
356,6.522399
357,6.595649
358,6.641692
359,6.676224
360,6.653203
361,6.600881
362,6.507749
363,6.390549
364,6.254513
365,6.090223
366,5.906052
367,5.706183
368,5.473876
369,5.260404
370,5.005075
371,4.779046
372,4.578132
373,4.338499
374,4.135492
375,3.928299
376,3.759823
377,3.582977
378,3.419734
379,3.307766
380,3.135105
381,3.048251
382,2.938376
383,2.861986
384,2.792922
385,2.74374
386,2.69665
387,2.668397
388,2.633865
389,2.6234
390,2.60875
391,2.618168
392,2.633865
393,2.649561
394,2.680954
395,2.707115
396,2.734322
397,2.788736
398,2.826408
399,2.864079
400,2.905936
401,2.965583
402,2.988604
403,3.027322
404,3.062901
405,3.100572
406,3.123594
407,3.143476
408,3.165451
409,3.172776
410,3.172776
411,3.174869
412,3.167544
413,3.15394
414,3.143476
415,3.126733
416,3.117315
417,3.089061
418,3.064994
419,3.045112
420,3.027322
421,2.995929
422,2.976047
423,2.956165
424,2.93419
425,2.902797
426,2.903844
427,2.873497
428,2.854661
429,2.814897
430,2.81699
431,2.778272
432,2.761529
433,2.748972
434,2.71444
435,2.683047
436,2.663165
437,2.64119
438,2.60875
439,2.553289
440,2.530268
441,2.484225
442,2.448646
443,2.413068
444,2.356561
445,2.334586
446,2.293775
447,2.263428
448,2.237267
449,2.211107
450,2.16925
451,2.148321
452,2.13681
453,2.121114
454,2.105417
455,2.097046
456,2.106464
457,2.126346
458,2.15146
459,2.16925
460,2.200642
461,2.256103
462,2.311564
463,2.377489
464,2.460157
465,2.532361
466,2.626539
467,2.723858
468,2.834779
469,2.945701
470,3.086969
471,3.228237
472,3.373691
473,3.539026
474,3.711688
475,3.882256
476,4.085263
477,4.293503
478,4.49965
479,4.726725
480,4.950661
481,5.178782
482,5.427833
483,5.713509
484,5.976162
485,6.259745
486,6.56007
487,6.892835
488,7.244435
489,7.5907
490,7.972646
491,8.354593
492,8.781537
493,9.233699
494,9.722382
495,10.21525
496,10.76986
497,11.35272
498,11.95546
499,12.62204
500,13.29489
501,14.03472
502,14.77664
503,15.60541
504,16.41953
505,17.28912
506,18.1744
507,19.09212
508,20.01088
509,20.95476
510,21.92585
511,22.8645
512,23.85233
513,24.81295
514,25.79032
515,26.75513
516,27.74505
517,28.69311
518,29.6778
519,30.62587
520,31.58754
521,32.56281
522,33.50983
523,34.48301
524,35.45933
525,36.49111
526,37.50406
527,38.60595
528,39.73295
529,40.93007
530,42.17636
531,43.51789
532,44.97557
533,46.46673
534,48.06672
535,49.76403
536,51.61831
537,53.48409
538,55.52463
539,57.61016
540,59.81709
541,62.10563
542,64.51556
543,67.01025
544,69.47971
545,72.00904
546,74.58221
547,77.18468
548,79.65739
549,82.14371
550,84.52435
551,86.85161
552,89.02608
553,91.08233
554,92.92823
555,94.58881
556,96.0424
557,97.32114
558,98.37071
559,99.14193
560,99.67352
561,99.955
562,100
563,99.77397
564,99.28843
565,98.53605
566,97.59112
567,96.42425
568,95.02422
569,93.39179
570,91.66833
571,89.70627
572,87.61655
573,85.3594
574,83.03109
575,80.53954
576,77.98415
577,75.38681
578,72.76143
579,70.06686
580,67.3158
581,64.67461
582,61.98424
583,59.3713
584,56.71233
585,54.1695
586,51.59109
587,49.12048
588,46.66764
589,44.31213
590,41.98382
591,39.70051
592,37.60974
593,35.51898
594,33.5475
595,31.62835
596,29.83268
597,28.05165
598,26.37527
599,24.80458
600,23.29772
601,21.85155
602,20.45457
603,19.20409
604,17.97976
605,16.82974
606,15.71424
607,14.72327
608,13.71242
609,12.79889
610,11.94605
611,11.15913
612,10.39618
613,9.68785
614,9.053714
615,8.453062
616,7.886943
617,7.346881
618,6.849931
619,6.385317
620,5.97093
621,5.551311
622,5.190293
623,4.838693
624,4.504881
625,4.209788
626,3.915741
627,3.65832
628,3.415548
629,3.172776
630,2.965583
631,2.763622
632,2.581543
633,2.406789
634,2.243546
635,2.102278
636,1.963103
637,1.842763
638,1.72347
639,1.608363
640,1.521509
641,1.410588
642,1.325827
643,1.256763
644,1.17828
645,1.097705
646,1.040047
647,0.9794585
648,0.9229513
649,0.8591191
650,0.8224941
651,0.7722654
652,0.7325011
653,0.6895974
654,0.6425081
655,0.6163474
656,0.5807687
657,0.5493758
658,0.5253079
659,0.5022865
660,0.4667078
661,0.4531042
662,0.4175256
663,0.3913649
664,0.3693898
665,0.3442755
666,0.3306719
667,0.3264862
668,0.3045112
669,0.291954
670,0.277304
671,0.2647468
672,0.2511432
673,0.2406789
674,0.2228896
675,0.209286
676,0.2082396
677,0.2051003
678,0.1820788
679,0.1768467
680,0.1674288
681,0.1496395
682,0.1454538
683,0.1423145
684,0.1360359
685,0.1318502
686,0.1213859
687,0.1182466
688,0.1161537
689,0.1130144
690,0.1035966
691,9.42E-02
692,9.52E-02
693,9.00E-02
694,8.89E-02
695,7.95E-02
696,7.33E-02
697,7.95E-02
698,7.43E-02
699,7.12E-02
700,6.27E-02
Data Copyright MP Inc.