wl,ex,wl,em,Data copyright Molecular Probes
400,2.216632036,560,1.339487467
401,2.071606792,561,1.221388274
402,2.17435067,562,1.190462837
403,2.221207991,563,1.255027342
404,2.197786973,564,1.332096808
405,2.160645318,565,1.445021018
406,2.174068187,566,1.594253346
407,2.174441956,567,1.788985023
408,2.157736724,568,1.991435339
409,2.217799709,569,2.284827657
410,2.160667384,570,2.519372599
411,2.163121286,571,2.833189114
412,2.222184131,572,3.277803235
413,2.227432026,573,3.736665793
414,2.156483181,574,4.257511506
415,2.220147107,575,4.774214573
416,2.295716478,576,5.422261909
417,2.348662283,577,5.965569223
418,2.277574228,578,6.663890683
419,2.240294998,579,7.581004422
420,2.233886495,580,8.273458113
421,2.187328815,581,9.316263164
422,2.323811109,582,10.67364487
423,2.254381343,583,11.92288861
424,2.207697478,584,13.51038467
425,2.229682318,585,15.553522
426,2.356619227,586,17.57771695
427,2.351257049,587,20.10661764
428,2.249179714,588,23.34179201
429,2.289227616,589,27.11293766
430,2.25768686,590,31.10334611
431,2.197855859,591,35.4351638
432,2.295385504,592,40.2421133
433,2.334058514,593,45.17163745
434,2.271785558,594,50.66816341
435,2.297758939,595,56.63434767
436,2.254999461,596,62.62048669
437,2.231740899,597,68.45056563
438,2.254723532,598,73.83691056
439,2.278397971,599,79.47173902
440,2.279721353,600,84.50482459
441,2.264903244,601,88.47809965
442,2.311579096,602,91.9027597
443,2.295030121,603,94.43801467
444,2.205968387,604,96.88498274
445,2.263230472,605,98.46147452
446,2.286720525,606,100
447,2.329017823,607,99.64476983
448,2.294705257,608,99.03672411
449,2.29727331,609,97.78552763
450,2.232399211,610,95.75517659
451,2.310468688,611,93.97303631
452,2.379882081,612,92.33371444
453,2.377780851,613,90.33980865
454,2.344786316,614,88.50483079
455,2.471985282,615,86.41286924
456,2.447713434,616,84.62475764
457,2.496033615,617,82.67165479
458,2.470887656,618,81.54986583
459,2.573757227,619,79.96122545
460,2.632235118,620,78.39243497
461,2.735157306,621,77.166657
462,2.75140787,622,76.29243348
463,2.838213818,623,75.04681369
464,2.846843994,624,73.61615192
465,2.947025331,625,72.84312812
466,2.964000225,626,71.46352284
467,3.102551733,627,70.30933617
468,3.124743579,628,68.97260414
469,3.143276776,629,67.21918624
470,3.277836295,630,65.96899959
471,3.411470081,631,65.05275253
472,3.594846115,632,63.0858457
473,3.674458718,633,61.15526983
474,3.854079572,634,59.73700591
475,3.880023934,635,58.09262042
476,4.105091186,636,56.64535987
477,4.22293053,637,55.383227
478,4.389214753,638,53.9114604
479,4.470225051,639,52.77323211
480,4.698953116,640,51.73536355
481,4.920312523,641,50.61607948
482,4.987881201,642,49.68588241
483,5.185742897,643,48.5315917
484,5.404742107,644,47.36672925
485,5.635058676,645,46.10106309
486,5.9916248,646,46.11419494
487,6.209130754,647,45.12162979
488,6.503118712,648,44.23961239
489,6.920954394,649,43.605173
490,6.976072008,650,43.20645681
491,7.11131502,651,42.52853601
492,7.564825094,652,42.86923467
493,7.918746198,653,42.66561706
494,8.281772454,654,42.14653207
495,8.303402692,655,42.33875774
496,8.93281475,656,42.0737729
497,9.35963987,657,41.96489068
498,9.717453869,658,42.07777221
499,10.24940627,659,41.91583018
500,10.80314205,660,41.54891253
501,11.30783388,661,41.12766225
502,11.45123561,662,40.48407367
503,12.26452724,663,40.34465533
504,12.44620839,664,40.56677109
505,13.09351467,665,39.47322972
506,13.40338985,666,38.76185349
507,13.9387038,667,38.37440569
508,14.42503121,668,38.07055831
509,14.99422146,669,37.46960226
510,15.76882747,670,36.99420723
511,16.58085551,671,36.23361497
512,16.8795611,672,35.49802165
513,17.36554471,673,34.76494999
514,17.98837793,674,33.68846996
515,18.29371635,675,33.02052915
516,18.86956009,676,32.32710226
517,19.63241427,677,31.03295886
518,20.409494,678,30.45890711
519,20.95681925,679,29.23452486
520,21.51545426,680,28.87014944
521,22.57460597,681,28.5901726
522,23.28958033,682,27.80768599
523,24.11116361,683,27.09706513
524,25.0336096,684,25.87318082
525,25.43970578,685,25.39174905
526,26.7793889,686,25.25240862
527,27.83552472,687,24.51319504
528,28.69682973,688,23.52914139
529,29.55717589,689,23.02160124
530,30.46049472,690,22.6169934
531,31.16115916,691,22.02579138
532,32.5478211,692,21.51421197
533,33.48631157,693,20.64852198
534,34.60771095,694,20.16270623
535,35.6484638,695,19.49076462
536,36.42568838,696,19.054631
537,37.63067757,697,18.4704467
538,38.77560808,698,17.53565943
539,39.68840837,699,16.97634607
540,41.28996137,700,16.37833885
541,42.8480654,701,15.89767422
542,43.81108024,702,15.51064977
543,45.30518749,703,15.1052632
544,45.9760698,704,14.51642999
545,47.07403081,705,14.11848703
546,48.14382641,706,13.75151362
547,49.29633152,707,13.38622561
548,49.94039625,708,13.14507027
549,50.75816558,709,12.50587543
550,51.34596461,710,12.05148478
551,52.51222208,711,11.56763697
552,53.33891186,712,11.663542
553,53.70019547,713,11.3543189
554,53.98178208,714,11.13314115
555,54.88725645,715,10.74231215
556,54.94328006,716,10.76879818
557,55.40304389,717,10.34069604
558,55.84095699,718,10.34522546
559,56.71138216,719,10.07218452
560,57.45928761,720,9.866090034
561,58.1114548,721,9.772931295
562,59.355163,722,9.870449897
563,60.3531221,723,9.355079013
564,61.1899873,724,9.19613733
565,62.19284359,725,9.05744502
566,63.14183465,726,8.967056192
567,64.6071143,727,8.768639424
568,66.06860314,728,8.656496044
569,67.71095735,729,8.432229713
570,69.20539924,730,8.515981893
571,70.58570199,731,7.953741876
572,72.6653797,732,7.945259543
573,74.37326754,733,7.556763098
574,76.38046843,734,7.412936596
575,77.12553738,735,7.357237356
576,78.19930116,736,7.306381817
577,79.25639971,737,6.695812406
578,80.61376861,738,6.797116308
579,82.67053117,739,6.734566603
580,83.01912016,740,6.75724903
581,84.32422225,741,6.475665002
582,86.18628942,742,6.274000552
583,87.18167785,743,6.342985783
584,88.26018592,744,6.09031712
585,90.39901379,745,5.835659155
586,92.16947851,746,5.835322094
587,93.89280489,747,5.608645018
588,95.32319699,748,5.459996035
589,97.07121993,749,5.380952249
590,98.10001369,750,5.270362468
591,99.09414377
592,100
593,99.78973377
594,99.87732568
595,99.05029435
596,97.89430446
597,95.68268219
598,92.3000553
599,89.42461547
600,85.49890605
601,81.03919722
602,76.57232471
603,73.01846707
604,68.70500896
605,63.6788957
606,59.49823389
607,54.75621558
608,51.02476977
609,47.31221437
610,44.43161672
611,41.67549283
612,38.80316334
613,36.37577167
614,34.26523697
615,32.33506996
616,30.29022582
617,29.01193188
618,27.80687345
619,26.69819099
620,25.47022119
621,24.0625784
622,23.29160496
623,22.61722109
624,21.65609815
625,20.74164097
626,19.74078372
627,19.10529028
628,17.90022565
629,16.86424997
630,16.34865037
631,15.3514069
632,14.32243305
633,13.98225965
634,12.82371554
635,12.26169369
636,11.54510276
637,10.82678372
638,10.10151158
639,9.583673803
640,9.197416694
