wl,ex,wl,em,Data copyright Molecular Probes
400,1.886973241,545,8.541561633
401,1.384121632,546,8.138430849
402,1.317531357,547,8.717233216
403,1.285419342,548,9.586787044
404,1.366945323,549,10.82789325
405,1.34383042,550,12.56832953
406,1.348880478,551,14.39518522
407,1.265204139,552,16.63824654
408,1.351992519,553,19.2269287
409,1.273378282,554,22.21983907
410,1.276848898,555,25.16844171
411,1.342564037,556,28.41206868
412,1.404270514,557,31.5700264
413,1.34055933,558,35.33196943
414,1.411647418,559,39.88900568
415,1.431963398,560,43.62557496
416,1.396062154,561,47.69865895
417,1.366681484,562,51.73233977
418,1.446457055,563,55.68668678
419,1.477037712,564,59.86129296
420,1.403048614,565,64.12077564
421,1.415636042,566,67.89626608
422,1.476560665,567,70.87334868
423,1.47632652,568,74.27131337
424,1.544499203,569,77.39137715
425,1.541681185,570,80.31880114
426,1.5366132,571,83.13127112
427,1.5690115,572,86.09271141
428,1.607439937,573,88.34285377
429,1.527783182,574,90.60844279
430,1.500487953,575,92.07426341
431,1.503217714,576,93.81634511
432,1.675225392,577,94.14931723
433,1.762534533,578,95.66170362
434,1.697297948,579,96.82247089
435,1.692381686,580,97.46497242
436,1.768364881,581,98.83951872
437,1.736828727,582,99.17393933
438,1.823456002,583,100
439,1.741053231,584,99.91354662
440,1.780800293,585,99.55548203
441,1.830919508,586,99.50933062
442,1.998514444,587,99.9093783
443,1.991977839,588,99.15345021
444,2.098497067,589,98.4628109
445,2.084086385,590,98.29489826
446,2.196277109,591,97.19292213
447,2.329343483,592,96.77133089
448,2.394755113,593,95.49581604
449,2.531859646,594,95.23911154
450,2.479583166,595,94.67922095
451,2.727899058,596,93.76740394
452,2.729364555,597,93.32520062
453,2.82210852,598,92.25751053
454,3.030358739,599,91.26712856
455,3.041475722,600,90.15879659
456,3.107984293,601,89.36374136
457,3.266876636,602,87.95973135
458,3.262578791,603,86.39884278
459,3.543641011,604,85.28770106
460,3.729206236,605,84.56798902
461,3.954551202,606,83.90632455
462,3.842603931,607,83.16123393
463,4.170901427,608,82.1658565
464,4.135960209,609,80.2748221
465,4.352759162,610,78.70157432
466,4.552392699,611,77.46937195
467,4.636430539,612,76.50525966
468,4.96580313,613,75.92059695
469,5.22869148,614,74.57612715
470,5.641000327,615,73.24305656
471,5.80374229,616,71.83736472
472,5.881175746,617,70.52601617
473,6.024476756,618,69.01197403
474,6.551007009,619,67.43744531
475,6.864588291,620,66.61327058
476,7.265542931,621,64.93154976
477,7.538304435,622,62.84625753
478,7.604940399,623,61.93864538
479,8.14561776,624,60.74232149
480,8.455856688,625,60.1901045
481,8.830250874,626,59.6114034
482,9.145025768,627,58.12736689
483,9.850908531,628,57.28746007
484,10.39865987,629,56.39064648
485,10.31509961,630,55.59056827
486,10.75159954,631,54.5042306
487,11.37855892,632,53.17643504
488,11.66406037,633,52.21227238
489,12.29330701,634,50.80610213
490,12.83032622,635,49.94786105
491,13.67649363,636,49.02668462
492,13.7326834,637,48.08088147
493,14.59559799,638,47.12901653
494,15.24235739,639,46.09409083
495,15.95717237,640,45.41368618
496,16.46723366,641,44.09471305
497,17.32037323,642,43.37776355
498,18.31648958,643,42.32801607
499,19.32730951,644,41.39117865
500,19.72475051,645,40.62757842
501,20.50486441,646,39.2446411
502,21.98131798,647,38.67057323
503,22.60567376,648,37.79022608
504,23.47866368,649,36.97150701
505,24.95705704,650,35.89351346
506,25.9807317,651,35.20148206
507,27.71114435,652,34.77845662
508,29.14501875,653,34.02190795
509,30.04122898,654,33.03738766
510,31.44511941,655,33.12216313
511,32.60151231,656,32.3164455
512,33.66977025,657,31.84429739
513,35.82083063,658,30.93838169
514,36.57405673,659,30.13338251
515,36.87355005,660,29.513727
516,38.62317205,661,28.32776791
517,39.26941665,662,28.30357128
518,39.8459164,663,27.98492979
519,41.08251234,664,27.41333254
520,41.41883812,665,26.39626394
521,41.88641864,666,25.96263295
522,42.65295508,667,25.15647627
523,43.0836272,668,25.11774465
524,43.85401824,669,24.29479465
525,44.66438696,670,23.65903521
526,44.96062898,671,23.47854995
527,45.68256386,672,23.24171578
528,46.91146815,673,21.85867926
529,47.22042042,674,21.77386573
530,47.89902812,675,20.93670846
531,49.37394662,676,20.32492573
532,50.68477376,677,19.87557654
533,51.95472654,678,19.34209314
534,53.94298708,679,18.76606434
535,55.29039678,680,18.87879046
536,57.59761343,681,18.12834871
537,59.32215631,682,17.94535974
538,62.07313002,683,17.54790108
539,64.57512207,684,17.17395172
540,67.42090198,685,16.426248
541,70.36065053,686,16.48071491
542,72.49746898,687,16.01626407
543,76.47038919,688,16.26846456
544,80.27462566,689,15.66974061
545,83.07752115,690,15.2683289
546,85.81356481,691,14.80299329
547,87.74917143,692,14.72889731
548,91.29025818,693,14.39601911
549,93.71056876,694,14.2672307
550,96.12857859,695,14.10535626
551,97.75810077,696,13.44539264
552,99.43274074,697,13.20745737
553,99.88786742,698,13.07640564
554,99.98803252,699,12.48796967
555,100,700,12.29486825
556,98.52777469,701,12.23984428
557,95.56537493,702,12.1880613
558,94.18899207,703,11.766554
559,90.92435504,704,11.58387578
560,88.00156748,705,11.33968577
561,83.51799838,706,10.93696166
562,79.57837538,707,10.8550105
563,74.66260769,708,10.85346831
564,70.0361406,709,10.38053236
565,65.36727358,710,10.30953001
566,60.62248512,711,10.23953941
567,56.04405965,712,10.02511133
568,51.66918618,713,9.395312079
569,47.2274117,714,9.680386714
570,43.03535884,715,9.258393775
571,38.29797732,716,9.218925996
572,35.07755932,717,9.143961094
573,30.96434744,718,8.884230416
574,26.99705576,719,8.85395979
575,24.94926052,720,8.763207144
576,22.00990401,721,8.512221056
577,19.32061416,722,8.36806072
578,17.66076269,723,8.353441856
579,16.13167465,724,7.887108664
580,14.50156798,725,7.824366107
581,12.90445699,726,7.764475787
582,11.71714208,727,7.521316197
583,10.68320356,728,7.369119228
584,9.530447822,729,6.986011287
585,8.560016584,730,6.852659762
586,7.643072018,731,7.050708724
587,6.929078888,732,6.95056399
588,6.196024997,733,6.94409582
589,5.87721837,734,6.748589839
590,5.350837365,735,6.743800467
,,736,6.34398069
,,737,6.211635033
,,738,6.368645594
,,739,5.988798147
,,740,6.353666731
,,741,6.055601601
,,742,6.099910035
,,743,6.157389869
,,744,5.595423713
,,745,5.525087184
,,746,5.429329397
,,747,5.523430521
,,748,5.3701747
,,749,5.659742392
,,750,5.413261868
