wl ,abs,wl ,em,Data copyright Molecular Probes
250,14.49792,555,1.575704
251,14.15279,556,1.512302
252,13.86122,557,1.592721
253,13.62753,558,1.830829
254,13.56113,559,2.192333
255,13.6102,560,2.685631
256,13.94061,561,3.280837
257,14.45751,562,3.933431
258,15.12582,563,4.789253
259,15.94858,564,5.718114
260,16.89533,565,6.780334
261,17.82347,566,7.962431
262,18.84253,567,9.386566
263,20.03337,568,11.12087
264,21.26333,569,12.98869
265,22.6014,570,15.21054
266,24.07948,571,17.98727
267,25.37843,572,20.97215
268,26.36012,573,24.10604
269,26.75548,574,27.70792
270,26.38307,575,31.58082
271,25.28187,576,35.65996
272,23.66796,577,40.11245
273,21.6877,578,44.80827
274,19.74916,579,49.58591
275,17.94341,580,54.55572
276,16.44209,581,59.86554
277,15.08684,582,65.12278
278,14.10675,583,70.35107
279,13.18006,584,75.61318
280,12.53773,585,80.13596
281,11.97897,586,84.4371
282,11.50841,587,88.43426
283,11.1259,588,91.66927
284,10.90664,589,94.62585
285,10.62069,590,97.00928
286,10.60482,591,98.63295
287,10.54145,592,99.61699
288,10.55011,593,100
289,10.59197,594,99.6264
290,10.75782,595,99.02938
291,10.85756,596,97.95466
292,11.0364,597,95.83374
293,11.34112,598,93.89061
294,11.63125,599,91.36475
295,11.91257,600,88.44088
296,12.34286,601,85.37282
297,12.66764,602,81.98804
298,12.97653,603,78.9256
299,13.19449,604,75.47802
300,13.26811,605,72.21095
301,13.29106,606,68.5983
302,13.28399,607,65.487
303,13.16115,608,62.19724
304,13.00252,609,58.99932
305,12.9071,610,55.92612
306,12.75266,611,53.13654
307,12.68915,612,50.40533
308,12.76579,613,47.6411
309,12.78889,614,45.2453
310,13.06011,615,42.94631
311,13.39225,616,40.81356
312,13.64759,617,38.62717
313,13.93642,618,37.01455
314,14.13273,619,35.05887
315,14.08784,620,33.27688
316,13.89601,621,31.8224
317,13.45864,622,30.39855
318,12.82771,623,29.09273
319,11.97753,624,27.84302
320,11.18797,625,26.63885
321,10.14306,626,25.89552
322,9.230805,627,24.80394
323,8.484402,628,23.85417
324,7.641432,629,23.34642
325,6.746499,630,22.72543
326,6.108498,631,22.11796
327,5.460393,632,21.53315
328,4.857035,633,21.18808
329,4.262337,634,20.9651
330,3.79625,635,20.70491
331,3.449824,636,20.44959
332,3.155217,637,20.35548
333,2.920081,638,20.14826
334,2.720886,639,19.84807
335,2.547673,640,19.92968
336,2.346891,641,19.66434
337,2.211352,642,19.35944
338,2.098619,643,19.15404
339,1.970297,644,18.88841
340,1.935654,645,18.79953
341,1.955863,646,18.47188
342,1.922519,647,18.40006
343,1.993392,648,18.1259
344,2.065564,649,17.95738
345,2.175121,650,17.47469
346,2.27775,651,17.0561
347,2.476945,652,16.66029
348,2.563407,653,16.34716
349,2.722185,654,16.13758
350,2.859457,655,15.66577
351,2.977819,656,15.21614
352,3.088964,657,14.72937
353,3.198521,658,14.3128
354,3.195778,659,13.77167
355,3.306923,660,13.30988
356,3.344308,661,12.75216
357,3.402046,662,12.32841
358,3.446793,663,11.89146
359,3.604272,664,11.38021
360,3.702426,665,10.94141
361,3.94911,666,10.56589
362,4.226251,667,10.03764
363,4.548138,668,9.594525
364,4.890234,669,9.206498
365,5.305944,670,8.914495
366,5.682827,671,8.521086
367,6.049461,672,8.123789
368,6.335118,673,7.733374
369,6.548892,674,7.521833
370,6.609516,675,7.073791
371,6.634055,676,6.693338
372,6.424612,677,6.455903
373,6.120045,678,6.051488
374,5.712995,679,5.62489
375,5.287324,680,5.43462
376,4.692626,681,5.224143
377,4.210517,682,4.991222
378,3.617119,683,4.742478
379,3.184086,684,4.516286
380,2.715112,685,4.302032
381,2.385864,686,4.23086
382,2.042469,687,3.991645
383,1.815704,688,3.926269
384,1.570319,689,3.74505
385,1.462206,690,3.68612
386,1.365495,691,3.561596
387,1.281631,692,3.480136
388,1.239771,693,3.374756
389,1.179291,694,3.312418
390,1.189395,695,3.235711
391,1.195025,696,3.133783
392,1.195025,697,3.0948
393,1.209459,698,2.980238
394,1.261567,699,2.89613
395,1.239771,700,2.892657
396,1.280332,701,2.789253
397,1.283219,702,2.641699
398,1.294622,703,2.629588
399,1.326378,704,2.563495
400,1.35669,705,2.463433
401,1.335183,706,2.480255
402,1.414572,707,2.413098
403,1.410242,708,2.391241
404,1.466536,709,2.327123
405,1.47664,710,2.302357
406,1.548812,711,2.289442
407,1.531491,712,2.150918
408,1.597889,713,2.131123
409,1.632387,714,2.152546
410,1.674247,715,2.061557
411,1.71322,716,1.972153
412,1.779763,717,2.019709
413,1.8056,718,1.954463
414,1.873586,719,1.944695
415,1.906641,720,1.896423
416,1.949944,721,1.832587
417,1.965967,722,1.790283
418,2.020817,723,1.806888
419,2.033664,724,1.747024
420,2.085628,725,1.66895
421,2.081297,726,1.654603
422,2.110166,727,1.584581
423,2.149284,728,1.542212
424,2.087216,729,1.500538
425,2.11594,730,1.467632
426,2.067008,731,1.468804
427,2.040881,732,1.461772
428,2.019229,733,1.420684
429,2.010713,734,1.318299
430,1.951388,735,1.301781
431,1.909528,736,1.31474
432,1.880804,737,1.297267
433,1.846161,738,1.191344
434,1.817292,739,1.214309
435,1.799971,740,1.11123
436,1.729098,741,1.115875
437,1.704704,742,1.079193
438,1.681464,743,1.049434
439,1.635419,744,1.0803
440,1.625314,745,1.05141
441,1.626614,746,0.9774377
442,1.604962,747,1.011124
443,1.596446,748,0.9183121
444,1.604962,749,0.8650471
445,1.61088,750,0.9059401
446,1.590672,,
447,1.631088,,
448,1.600776,,
449,1.576238,,
450,1.570319,,
451,1.538708,,
452,1.534378,,
453,1.527016,,
454,1.509695,,
455,1.498147,,
456,1.477939,,
457,1.424676
458,1.405767
459,1.408654
460,1.418758
461,1.376898
462,1.382816
463,1.339369
464,1.319161
465,1.325079
466,1.329265
467,1.30054
468,1.332152
469,1.336482
470,1.323635
471,1.358278
472,1.390034
473,1.433193
474,1.496848
475,1.558916
476,1.6295
477,1.680165
478,1.788279
479,1.821622
480,1.936953
481,1.98603
482,2.130374
483,2.216981
484,2.37446
485,2.498452
486,2.687543
487,2.831887
488,3.019534
489,3.199964
490,3.348639
491,3.533543
492,3.73115
493,3.914467
494,4.103558
495,4.270997
496,4.43988
497,4.620454
498,4.789193
499,4.940898
500,5.137207
501,5.259755
502,5.425895
503,5.623502
504,5.828615
505,5.990136
506,6.247212
507,6.455068
508,6.706082
509,6.973263
510,7.30511
511,7.656011
512,8.064505
513,8.475885
514,8.996967
515,9.523824
516,10.18348
517,10.7955
518,11.5546
519,12.36293
520,13.20604
521,14.09506
522,15.06808
523,16.02364
524,17.08587
525,18.07332
526,19.12545
527,20.09833
528,21.11754
529,22.06862
530,22.9318
531,23.75327
532,24.4503
533,25.08845
534,25.63537
535,26.0671
536,26.3962
537,26.61994
538,26.79012
539,26.806
540,26.84512
541,26.78868
542,26.79156
543,26.71809
544,26.71217
545,26.74249
546,26.88539
547,27.06163
548,27.44111
549,27.89724
550,28.51792
551,29.26995
552,30.29046
553,31.41779
554,32.83973
555,34.45912
556,36.30095
557,38.35353
558,40.6587
559,43.19627
560,45.97359
561,48.93972
562,52.04182
563,55.457
564,58.9803
565,62.7305
566,66.59012
567,70.43414
568,74.36031
569,78.23595
570,82.05817
571,85.61048
572,89.0502
573,92.08849
574,94.75021
575,96.91103
576,98.59135
577,99.64217
578,100
579,99.67955
580,98.61588
581,96.82876
582,94.3866
583,91.18346
584,87.52722
585,83.20282
586,78.57948
587,73.5374
588,68.32095
589,63.0062
590,57.70141
591,52.45594
592,47.34039
593,42.51497
594,37.84125
595,33.50515
596,29.46626
597,25.82734
598,22.51912
599,19.54838
600,16.89533
601,14.54844
602,12.49731
603,10.62373
604,9.097863
605,7.749835
606,6.602299
607,5.542813
608,4.717165
609,3.957771
610,3.368847
611,2.846321
612,2.433641
613,2.030777
614,1.727799
615,1.470722
616,1.267197
617,1.076663
618,0.9209154
619,0.8054401
620,0.7015123
621,0.6046574
622,0.5324854
623,0.4632002
624,0.4184535
625,0.3464258
626,0.3289602
627,0.2872447
628,0.2813267
629,0.2510144
630,0.2410546
631,0.2048243
632,0.2336931
633,0.2004939
634,0.1948645
635,0.1961636
636,0.1846161
637,0.1530048
638,0.1732129
639,0.1573351
640,0.1470866
641,0.1398694
642,0.1573351
643,0.1297653
644,0.1427563
645,0.1398694
646,0.1530048
647,0.1270228
648,0.1486744
649,0.1211047
650,0.1082581