wl,ex,wl,em,Data copyright Molecular Probes
450,0.140653846,620,2.612545046
451,0.243081668,621,3.229310918
452,0.273600857,622,3.784451145
453,0.289716694,623,4.435763822
454,0.318751124,624,5.09005668
455,0.323508604,625,5.837233235
456,0.316515661,626,6.805905933
457,0.350183293,627,7.955530343
458,0.324497738,628,9.123548382
459,0.338522108,629,10.54719562
460,0.369822252,630,12.06249888
461,0.360780194,631,13.82233766
462,0.385514962,632,15.7591953
463,0.402316294,633,17.75290907
464,0.395953846,634,20.0501686
465,0.434593846,635,23.08757188
466,0.42665517,636,26.27849405
467,0.405857275,637,29.61347192
468,0.397863248,638,33.21520126
469,0.421568932,639,37.29396303
470,0.42810219,640,41.24044652
471,0.401192775,641,45.17523922
472,0.402904048,642,50.04882764
473,0.449079526,643,54.21257752
474,0.437242556,644,58.82098417
475,0.398183675,645,62.97439216
476,0.442165699,646,67.61675382
477,0.42257886,647,71.88105353
478,0.470789361,648,75.75465985
479,0.463064809,649,79.48177513
480,0.446054299,650,83.22250653
481,0.445355701,651,86.56247531
482,0.428602384,652,90.12533281
483,0.475402715,653,93.25315124
484,0.4509872,654,95.70340826
485,0.484425637,655,97.58641083
486,0.475575871,656,98.14375399
487,0.52001319,657,99.18170817
488,0.529328042,658,100
489,0.541638925,659,99.55276332
490,0.526278107,660,98.83072719
491,0.587186375,661,97.92715611
492,0.58974359,662,96.32947327
493,0.591713931,663,95.02062756
494,0.618077513,664,92.89744451
495,0.666613616,665,90.57316826
496,0.679214963,666,88.79881148
497,0.709702797,667,85.35096375
498,0.698159527,668,83.69341645
499,0.749801061,669,81.01828864
500,0.804261722,670,79.4050614
501,0.806989892,671,76.25019433
502,0.832191314,672,73.30639448
503,0.900669756,673,71.18445786
504,0.895600382,674,67.74181141
505,0.921913029,675,65.2231897
506,0.964530531,676,63.34354562
507,0.977184066,677,59.95949713
508,1.050621931,678,58.31119424
509,1.074424836,679,56.16994257
510,1.084704018,680,54.12031503
511,1.101235883,681,52.14875722
512,1.191038858,682,50.48605212
513,1.17884353,683,48.60310936
514,1.234280372,684,46.36013694
515,1.324258573,685,45.05765156
516,1.318651806,686,43.95589009
517,1.439288424,687,42.33412458
518,1.475434728,688,41.40951481
519,1.569320272,689,40.33313955
520,1.605551454,690,39.00918263
521,1.670223404,691,37.46258265
522,1.691242007,692,37.01789114
523,1.824000577,693,35.90557297
524,1.946373218,694,35.11978705
525,1.956925915,695,34.27506615
526,2.05851514,696,33.44732141
527,2.086083916,697,33.28894292
528,2.24753095,698,32.15819766
529,2.291524643,699,31.70229127
530,2.382788233,700,31.29461127
531,2.509632423,701,31.02158264
532,2.527769005,702,30.47990692
533,2.77299843,703,30.25417232
534,2.887286325,704,30.10602037
535,2.934644137,705,29.45899473
536,3.063765182,706,29.240644
537,3.259188763,707,29.43633484
538,3.374218614,708,29.22243772
539,3.588656007,709,28.77134783
540,3.730532478,710,28.68219999
541,3.84859381,711,28.16488268
542,3.939715257,712,27.99477553
543,4.204112719,713,27.57620718
544,4.292901027,714,27.67037067
545,4.471766925,715,27.20840546
546,4.650714107,716,27.38179268
547,4.81931587,717,26.90884424
548,4.911468231,718,26.53588769
549,5.183005462,719,25.87501044
550,5.294987725,720,25.87422106
551,5.559168465,721,25.29602536
552,5.699610516,722,25.05148707
553,6.039067232,723,24.51972199
554,6.146551724,724,24.14181388
555,6.411736469,725,23.61259581
556,6.605097696,726,22.90908834
557,6.974887111,727,22.44816118
558,7.253483049,728,22.06426421
559,7.445399929,729,21.32438721
560,7.987212126,730,21.23584361
561,8.277472527,731,20.14820963
562,8.687995338,732,19.86402054
563,9.026279151,733,18.76604779
564,9.545606872,734,18.36339321
565,9.831113662,735,17.76003701
566,10.31876284,736,17.42347449
567,10.886399,737,16.62890727
568,11.16495138,738,15.78256206
569,11.66886931,739,15.25449482
570,12.20846942,740,14.29163064
571,13.02398234,741,14.19436958
572,13.65421812,742,13.70629507
573,14.08137164,743,13.31092084
574,14.80298838,744,12.25786326
575,15.46065471,745,12.26138927
576,16.12527473,746,11.76582398
577,16.99116498,747,11.72214446
578,17.75504637,748,11.4558695
579,18.72199666,749,11.0283088
580,19.50552028,750,10.76173268
581,20.25401502
582,21.18377661
583,22.25290023
584,22.93129201
585,23.89927752
586,24.82119533
587,25.84710308
588,26.99789732
589,27.71687986
590,28.37242026
591,29.40490203
592,30.01911025
593,30.77609277
594,31.39578991
595,32.4620154
596,33.1701529
597,33.6820895
598,34.25810997
599,35.38461538
600,35.80567853
601,36.06538131
602,36.59849584
603,37.50073933
604,38.14410409
605,39.01658806
606,39.70171695
607,40.55689605
608,41.531256
609,42.22177946
610,43.26732673
611,44.16890802
612,45.33518501
613,46.76029494
614,48.31223366
615,49.52991453
616,50.91768152
617,52.44076339
618,53.99568398
619,56.10628373
620,57.30844942
621,60.25032441
622,62.74710221
623,64.8097166
624,67.27335165
625,70.07956536
626,72.85847217
627,75.08418053
628,78.33240608
629,80.46011018
630,83.10649772
631,85.28939927
632,87.31689776
633,90.06632785
634,92.60334125
635,93.92649573
636,96.15299523
637,97.61945103
638,98.98496452
639,99.71265979
640,100
641,99.98611998
642,99.9128703
643,99.3174625
644,98.59841226
645,96.16201209
646,95.13435102
647,92.32551858
648,89.71730163
649,86.3868201
650,83.2966457
651,79.61538462
652,74.62445951
653,69.78937729
654,64.75129438
655,60.33778807
656,55.99144716
657,51.81618856
658,47.42147923
659,43.25083275
660,39.27550391
661,35.47884871
662,31.96218819
663,28.48455721
664,25.21415223
665,22.43430794
666,20.16060038
667,17.90122689
668,15.73663204
669,13.93587692
670,11.99985283
671,10.41286535
672,8.98302203
673,7.639607407
674,6.76286663
675,6.010692428
676,5.357204363
677,4.81471779
678,4.189338192
679,3.74021118
680,3.392545599
