wl,ex,wl,em,Data copyright Molecular Probes
400,1.113973407,630,1.8377427
401,1.129462934,631,2.076703965
402,1.016112278,632,2.33798417
403,1.030271623,633,2.54329881
404,0.99424589,634,3.008362552
405,0.959947178,635,3.387664773
406,0.829140153,636,3.888279448
407,0.795888411,637,4.594217615
408,0.787587041,638,5.277047208
409,0.756023092,639,6.081420312
410,0.758987981,640,7.039407529
411,0.723033017,641,7.912026063
412,0.660546869,642,9.044861795
413,0.632760118,643,10.21140002
414,0.587707727,644,11.38371459
415,0.600557775,645,12.68023713
416,0.5383057,646,14.37032558
417,0.510058205,647,15.95784754
418,0.495244299,648,17.59923503
419,0.469386287,649,19.62995024
420,0.465683764,650,21.70151574
421,0.42860688,651,23.81663957
422,0.407829943,652,26.60381322
423,0.351389229,653,29.33068794
424,0.341254312,654,31.56727338
425,0.326517954,655,34.88579188
426,0.339491972,656,37.75345434
427,0.328718315,657,41.49663554
428,0.294029052,658,45.26985955
429,0.305537377,659,48.07810718
430,0.253356572,660,51.69880631
431,0.237818084,661,55.43912126
432,0.245602816,662,58.90342858
433,0.225803615,663,62.83227327
434,0.206870143,664,67.11705827
435,0.210526162,665,69.89435306
436,0.202089983,666,73.40897746
437,0.209080505,667,75.84469639
438,0.18142459,668,80.03888231
439,0.175248507,669,82.93935209
440,0.153797206,670,86.49606856
441,0.168317533,671,88.70932749
442,0.181108617,672,90.73825855
443,0.164849893,673,93.17293754
444,0.148485934,674,94.36395765
445,0.160497712,675,95.6227482
446,0.158689773,676,97.40268365
447,0.152005966,677,97.47876751
448,0.153260149,678,98.58454359
449,0.155004674,679,99.35175844
450,0.173101666,680,99.6046319
451,0.160620842,681,100
452,0.144352888,682,99.07046221
453,0.146503247,683,99.39228619
454,0.148554501,684,98.10252662
455,0.152540758,685,97.46095083
456,0.172872533,686,96.79949291
457,0.160889475,687,94.49597371
458,0.146277593,688,93.39010745
459,0.137725484,689,92.45490949
460,0.161067617,690,89.41373948
461,0.159275628,691,86.60761733
462,0.143218562,692,85.12349315
463,0.162853659,693,83.34114063
464,0.140474625,694,81.31709337
465,0.173479342,695,79.38261939
466,0.189724331,696,76.37125207
467,0.167329504,697,74.29933476
468,0.166635589,698,71.19726682
469,0.177783184,699,68.35396653
470,0.189974069,700,66.61936491
471,0.217826498,701,64.22173037
472,0.237319878,702,62.51880694
473,0.229686336,703,61.06563755
474,0.256818234,704,59.67103799
475,0.266896191,705,56.9475788
476,0.257770685,706,55.671513
477,0.288628568,707,54.59856884
478,0.310944886,708,53.53129582
479,0.274377086,709,51.42873059
480,0.274905605,710,50.0295082
481,0.305980947,711,48.61911135
482,0.333220912,712,47.34048234
483,0.324645335,713,45.42604727
484,0.331858482,714,44.75102945
485,0.380206692,715,43.76667857
486,0.372947615,716,42.76035997
487,0.37842864,717,41.63164453
488,0.379841303,718,40.98467137
489,0.42264015,719,39.62227745
490,0.465276296,720,39.10064499
491,0.455308226,721,38.33966679
492,0.477079687,722,37.36675671
493,0.510651123,723,36.6111879
494,0.531831457,724,36.43637817
495,0.549190308,725,35.52385062
496,0.576825913,726,34.69576777
497,0.602875431,727,33.8703953
498,0.627187683,728,33.72537984
499,0.648433289,729,33.27992286
500,0.732474974,730,32.87573341
501,0.775065231,731,31.89279513
502,0.800936357,732,32.06440583
503,0.851768267,733,31.14868231
504,0.8445493,734,30.79076578
505,0.800681806,735,29.982843
506,0.888653601,736,29.64621959
507,0.851663944,737,29.83066515
508,0.920827947,738,29.05952219
509,0.959048863,739,28.83157291
510,0.985730031,740,28.45578745
511,1.087570465,741,27.88955449
512,1.114732909,742,27.52448588
513,1.070551758,743,27.06515746
514,1.118875786,744,26.64359645
515,1.254286625,745,25.87691424
516,1.280626746,746,25.39829107
517,1.336482949,747,24.74470369
518,1.382711709,748,24.64249498
519,1.46124783,749,24.0249469
520,1.506715106,750,23.27103797
521,1.583929639,751,23.08014985
522,1.56565773,752,22.78312847
523,1.634635836,753,21.86796138
524,1.713033001,754,21.79336475
525,1.815086686,755,21.4040925
526,1.851092555,756,20.32190275
527,1.890352849,757,20.02641686
528,2.033826797,758,19.75431991
529,2.039417805,759,19.14561646
530,2.174517258,760,18.68254604
531,2.356294493,761,18.44667444
532,2.425699966,762,18.13669177
533,2.475174896,763,17.73627837
534,2.503909042,764,17.63246092
535,2.688057394,765,17.10684744
536,2.662513924,766,16.49759383
537,2.880104512,767,16.56308525
538,2.974722351,768,15.95576652
539,3.097352844,769,15.74767182
540,3.201607352,770,14.96539657
541,3.337478118,771,15.15451071
542,3.40957827,772,14.73878825
543,3.642134764,773,14.27305491
544,3.782617468,774,13.60068736
545,3.944705541,775,13.55660917
546,4.042627004,776,12.92265077
547,4.186071541,777,12.69404247
548,4.354445288,778,12.33246698
549,4.496347212,779,12.22009288
550,4.704492571,780,11.72783449
551,4.941993279,781,11.52895284
552,5.060418382,782,10.85005826
553,5.21191177,783,10.43794876
554,5.475989343,784,10.4765408
555,5.702134018,785,10.11094446
556,5.847259165,786,9.892454028
557,5.972906939,787,9.830282566
558,6.257599524,788,9.617020622
559,6.498910291,789,9.350257618
560,6.758395217,790,8.951670081
561,6.98669914,791,8.797665858
562,7.185944506,792,8.691953319
563,7.434560562,793,8.542107651
564,7.841859286,794,8.17682606
565,8.03371278,795,8.02957915
566,8.431202449,796,7.929563647
567,8.899890788,797,7.959635303
568,9.146994533,798,7.562483483
569,9.516111256,799,7.149677277
570,10.07730893,800,6.874706122
571,10.39291197
572,10.97066432
573,11.5219098
574,11.9327063
575,12.39460861
576,12.90931277
577,13.35512552
578,14.28476267
579,14.7726968
580,15.24394938
581,15.94109224
582,16.82545847
583,17.32477126
584,17.8596957
585,18.72756389
586,19.68448584
587,20.28917234
588,21.38947279
589,21.99927257
590,22.74592188
591,23.69211903
592,24.34322892
593,25.3513246
594,26.64348368
595,27.31588614
596,28.10009416
597,28.6996505
598,29.66466921
599,30.64323278
600,31.4401181
601,32.08756162
602,32.96997856
603,33.81905486
604,34.67539652
605,35.79696763
606,36.5035555
607,37.48967492
608,38.25484362
609,39.29563684
610,40.312918
611,41.22069328
612,41.60770545
613,42.6405016
614,43.71925877
615,44.82964022
616,45.97122766
617,47.26822452
618,48.45047355
619,49.38009909
620,50.59330906
621,51.65865547
622,53.31219252
623,54.59313043
624,56.53070183
625,57.71675142
626,59.41884098
627,60.85927906
628,63.09082593
629,64.89697481
630,66.1995389
631,67.96136132
632,69.7599204
633,72.17513389
634,74.30319324
635,76.14724803
636,77.28125969
637,80.15763305
638,81.99461653
639,83.6614085
640,86.3636293
641,88.21099466
642,89.8554446
643,91.7353438
644,92.71383474
645,94.30029639
646,95.44896236
647,97.40283991
648,98.9052568
649,99.45099848
650,100
651,99.42525001
652,99.11674791
653,98.24009164
654,97.08867794
655,96.1305173
656,94.33321599
657,92.51098693
658,91.06026667
659,88.53000309
660,85.99156961
661,83.65043892
662,80.18551083
663,77.84512308
664,75.2211621
665,72.53001736
666,69.84368626
667,67.04437634
668,63.54363885
669,59.74672194
670,56.65597055
671,53.63174468
672,50.34161033
673,47.44692829
674,44.15281213
675,41.28728008
676,38.5273863
677,35.47861476
678,32.88968765
679,30.28072417
680,27.84109849
681,26.02046575
682,23.96811827
683,21.77883581
684,19.89436323
685,18.20096377
686,16.4360753
687,14.85668563
688,13.74645463
689,12.24810125
690,11.14041494
691,10.05459254
692,9.275680583
693,8.488689139
694,7.748444486
695,7.102550059
696,6.413013949
697,5.877875908
698,5.541146131
699,5.018899214
700,4.654383419
