400.00	9.9999997473788E-6
401.00	9.9999997473788E-6
402.00	9.9999997473788E-6
403.00	9.9999997473788E-6
404.00	9.9999997473788E-6
405.00	9.9999997473788E-6
406.00	9.9999997473788E-6
407.00	9.9999997473788E-6
408.00	9.9999997473788E-6
409.00	9.9999997473788E-6
410.00	9.9999997473788E-6
411.00	9.9999997473788E-6
412.00	9.9999997473788E-6
413.00	9.9999997473788E-6
414.00	9.9999997473788E-6
415.00	9.9999997473788E-6
416.00	9.9999997473788E-6
417.00	9.9999997473788E-6
418.00	9.9999997473788E-6
419.00	9.9999997473788E-6
420.00	9.9999997473788E-6
421.00	9.9999997473788E-6
422.00	0.028687600046396
423.00	0.030106499791145
424.00	0.031987901777029
425.00	0.03347659856081
426.00	0.03527120128274
427.00	0.036740500479937
428.00	0.038921598345041
429.00	0.040673598647118
430.00	0.042827099561691
431.00	0.044718898832798
432.00	0.046763900667429
433.00	0.048400901257992
434.00	0.049908000975847
435.00	0.052172098308802
436.00	0.054916899651289
437.00	0.057723701000214
438.00	0.05913469940424
439.00	0.061350300908089
440.00	0.065121702849865
441.00	0.069808602333069
442.00	0.073005400598049
443.00	0.075438402593136
444.00	0.078350700438023
445.00	0.08150739967823
446.00	0.084996700286865
447.00	0.088084302842617
448.00	0.092143297195435
449.00	0.095442697405815
450.00	0.099407397210598
451.00	0.10264299809933
452.00	0.10690300166607
453.00	0.11049400269985
454.00	0.11416900157928
455.00	0.11727000027895
456.00	0.12029899656773
457.00	0.12394700199366
458.00	0.12794099748135
459.00	0.13206399977207
460.00	0.13492900133133
461.00	0.13835999369621
462.00	0.14289699494839
463.00	0.14844499528408
464.00	0.15393699705601
465.00	0.15979699790478
466.00	0.16625000536442
467.00	0.17304599285126
468.00	0.18008700013161
469.00	0.18726700544357
470.00	0.19447900354862
471.00	0.20161400735378
472.00	0.20856800675392
473.00	0.21523100137711
474.00	0.22149799764156
475.00	0.22725999355316
476.00	0.23241199553013
477.00	0.23684599995613
478.00	0.24048799276352
479.00	0.24293500185013
480.00	0.24443599581718
481.00	0.24611699581146
482.00	0.24882100522518
483.00	0.25242298841476
484.00	0.25557801127434
485.00	0.25915798544884
486.00	0.2627229988575
487.00	0.26763901114464
488.00	0.27151501178741
489.00	0.27618598937988
490.00	0.27991798520088
491.00	0.28532600402832
492.00	0.28968301415443
493.00	0.29522800445557
494.00	0.2997280061245
495.00	0.30533900856972
496.00	0.31049200892448
497.00	0.31883800029755
498.00	0.32948100566864
499.00	0.3412329852581
500.00	0.35118898749352
501.00	0.36209100484848
502.00	0.37568700313568
503.00	0.39190700650215
504.00	0.40902999043465
505.00	0.42653200030327
506.00	0.44389998912811
507.00	0.46055001020432
508.00	0.47586700320244
509.00	0.48908799886703
510.00	0.50006401538849
511.00	0.50957697629929
512.00	0.5191730260849
513.00	0.52940100431442
514.00	0.54020297527313
515.00	0.55145102739334
516.00	0.56197398900986
517.00	0.57044500112534
518.00	0.57779598236084
519.00	0.58661097288132
520.00	0.59503501653671
521.00	0.59993499517441
522.00	0.60174202919006
523.00	0.60361099243164
524.00	0.60636800527573
525.00	0.60846298933029
526.00	0.61088800430298
527.00	0.6136360168457
528.00	0.61816000938416
529.00	0.62285500764847
530.00	0.6289039850235
531.00	0.63536500930786
532.00	0.6455209851265
533.00	0.66101199388504
534.00	0.68252700567245
535.00	0.70453000068665
536.00	0.72163599729538
537.00	0.73232698440552
538.00	0.7404990196228
539.00	0.74836200475693
540.00	0.75738000869751
541.00	0.76994997262955
542.00	0.78861600160599
543.00	0.80861902236938
544.00	0.83276498317719
545.00	0.8642749786377
546.00	0.89679402112961
547.00	0.91567301750183
548.00	0.92270302772522
549.00	0.93264102935791
550.00	0.95117402076721
551.00	0.97308599948883
552.00	0.98808002471924
553.00	0.99483400583267
554.00	0.99674797058105
555.00	0.9954479932785
556.00	0.99277502298355
557.00	0.9870520234108
558.00	0.98311597108841
559.00	0.96674299240112
560.00	0.92736500501633
561.00	0.86813199520111
562.00	0.82610899209976
563.00	0.81280899047852
564.00	0.80968898534775
565.00	0.79281997680664
566.00	0.75944197177887
567.00	0.71561801433563
568.00	0.6674730181694
569.00	0.62181401252747
570.00	0.5755649805069
571.00	0.52998799085617
572.00	0.48434498906136
573.00	0.4421069920063
574.00	0.39801999926567
575.00	0.3587209880352
576.00	0.32201701402664
577.00	0.29114401340485
578.00	0.25898799300194
579.00	0.2298229932785
580.00	0.20377899706364
581.00	0.18304899334908
582.00	0.16031800210476
583.00	0.13512900471687
584.00	0.11522000283003
585.00	0.10307800024748
586.00	0.092153303325176
587.00	0.078120402991772
588.00	0.064630299806595
589.00	0.054572101682425
590.00	0.047747999429703
591.00	0.042758300900459
592.00	0.038132898509502
593.00	0.033756099641323
594.00	0.029244299978018
595.00	0.024505600333214
596.00	0.020325200632215
597.00	0.017655899748206
598.00	0.015746600925922
599.00	0.014076200313866
600.00	0.012710300274193
601.00	0.011230300180614
602.00	0.0099016102030873
603.00	0.0088359704241157
604.00	0.0083419801667333
605.00	0.0076601700857282
606.00	0.0072242300957441
607.00	0.0066200001165271
608.00	0.0062927799299359
609.00	9.9999997473788E-6
610.00	9.9999997473788E-6
611.00	9.9999997473788E-6
612.00	9.9999997473788E-6
613.00	9.9999997473788E-6
614.00	9.9999997473788E-6
615.00	9.9999997473788E-6
616.00	9.9999997473788E-6
617.00	9.9999997473788E-6
618.00	9.9999997473788E-6
619.00	9.9999997473788E-6
620.00	9.9999997473788E-6
621.00	9.9999997473788E-6
622.00	9.9999997473788E-6
623.00	9.9999997473788E-6
624.00	9.9999997473788E-6
625.00	9.9999997473788E-6
626.00	9.9999997473788E-6
627.00	9.9999997473788E-6
628.00	9.9999997473788E-6
629.00	9.9999997473788E-6
630.00	9.9999997473788E-6
631.00	9.9999997473788E-6
632.00	9.9999997473788E-6
633.00	9.9999997473788E-6
634.00	9.9999997473788E-6
635.00	9.9999997473788E-6
636.00	9.9999997473788E-6
637.00	9.9999997473788E-6
638.00	9.9999997473788E-6
639.00	9.9999997473788E-6
640.00	9.9999997473788E-6
641.00	9.9999997473788E-6
642.00	9.9999997473788E-6
643.00	9.9999997473788E-6
644.00	9.9999997473788E-6
645.00	9.9999997473788E-6
646.00	9.9999997473788E-6
647.00	9.9999997473788E-6
648.00	9.9999997473788E-6
649.00	9.9999997473788E-6
650.00	9.9999997473788E-6
651.00	9.9999997473788E-6
652.00	9.9999997473788E-6
653.00	9.9999997473788E-6
654.00	9.9999997473788E-6
655.00	9.9999997473788E-6
656.00	9.9999997473788E-6
657.00	9.9999997473788E-6
658.00	9.9999997473788E-6
659.00	9.9999997473788E-6
660.00	9.9999997473788E-6
661.00	9.9999997473788E-6
662.00	9.9999997473788E-6
663.00	9.9999997473788E-6
664.00	9.9999997473788E-6
665.00	9.9999997473788E-6
666.00	9.9999997473788E-6
667.00	9.9999997473788E-6
668.00	9.9999997473788E-6
669.00	9.9999997473788E-6
670.00	9.9999997473788E-6
671.00	9.9999997473788E-6
672.00	9.9999997473788E-6
673.00	9.9999997473788E-6
674.00	9.9999997473788E-6
675.00	9.9999997473788E-6
676.00	9.9999997473788E-6
677.00	9.9999997473788E-6
678.00	9.9999997473788E-6
679.00	9.9999997473788E-6
680.00	9.9999997473788E-6
681.00	9.9999997473788E-6
682.00	9.9999997473788E-6
683.00	9.9999997473788E-6
684.00	9.9999997473788E-6
685.00	9.9999997473788E-6
686.00	9.9999997473788E-6
687.00	9.9999997473788E-6
688.00	9.9999997473788E-6
689.00	9.9999997473788E-6
690.00	9.9999997473788E-6
691.00	9.9999997473788E-6
692.00	9.9999997473788E-6
693.00	9.9999997473788E-6
694.00	9.9999997473788E-6
695.00	9.9999997473788E-6
696.00	9.9999997473788E-6
697.00	9.9999997473788E-6
698.00	9.9999997473788E-6
699.00	9.9999997473788E-6
700.00	9.9999997473788E-6
701.00	9.9999997473788E-6
702.00	9.9999997473788E-6
703.00	9.9999997473788E-6
704.00	9.9999997473788E-6
705.00	9.9999997473788E-6
706.00	9.9999997473788E-6
707.00	9.9999997473788E-6
708.00	9.9999997473788E-6
709.00	9.9999997473788E-6
710.00	9.9999997473788E-6
711.00	9.9999997473788E-6
712.00	9.9999997473788E-6
713.00	9.9999997473788E-6
714.00	9.9999997473788E-6
715.00	9.9999997473788E-6
716.00	9.9999997473788E-6
717.00	9.9999997473788E-6
718.00	9.9999997473788E-6
719.00	9.9999997473788E-6
720.00	9.9999997473788E-6
721.00	9.9999997473788E-6
722.00	9.9999997473788E-6
723.00	9.9999997473788E-6
724.00	9.9999997473788E-6
725.00	9.9999997473788E-6
726.00	9.9999997473788E-6
727.00	9.9999997473788E-6
728.00	9.9999997473788E-6
729.00	9.9999997473788E-6
730.00	9.9999997473788E-6
731.00	9.9999997473788E-6
732.00	9.9999997473788E-6
733.00	9.9999997473788E-6
734.00	9.9999997473788E-6
735.00	9.9999997473788E-6
736.00	9.9999997473788E-6
737.00	9.9999997473788E-6
738.00	9.9999997473788E-6
739.00	9.9999997473788E-6
740.00	9.9999997473788E-6
741.00	9.9999997473788E-6
742.00	9.9999997473788E-6
743.00	9.9999997473788E-6
744.00	9.9999997473788E-6
745.00	9.9999997473788E-6
746.00	9.9999997473788E-6
747.00	9.9999997473788E-6
748.00	9.9999997473788E-6
749.00	9.9999997473788E-6
750.00	9.9999997473788E-6
751.00	9.9999997473788E-6
752.00	9.9999997473788E-6
753.00	9.9999997473788E-6
754.00	9.9999997473788E-6
755.00	9.9999997473788E-6
756.00	9.9999997473788E-6
757.00	9.9999997473788E-6
758.00	9.9999997473788E-6
759.00	9.9999997473788E-6
760.00	9.9999997473788E-6
761.00	9.9999997473788E-6
762.00	9.9999997473788E-6
763.00	9.9999997473788E-6
764.00	9.9999997473788E-6
765.00	9.9999997473788E-6
766.00	9.9999997473788E-6
767.00	9.9999997473788E-6
768.00	9.9999997473788E-6
769.00	9.9999997473788E-6
770.00	9.9999997473788E-6
771.00	9.9999997473788E-6
772.00	9.9999997473788E-6
773.00	9.9999997473788E-6
774.00	9.9999997473788E-6
775.00	9.9999997473788E-6
776.00	9.9999997473788E-6
777.00	9.9999997473788E-6
778.00	9.9999997473788E-6
779.00	9.9999997473788E-6
780.00	9.9999997473788E-6
781.00	9.9999997473788E-6
782.00	9.9999997473788E-6
783.00	9.9999997473788E-6
784.00	9.9999997473788E-6
785.00	9.9999997473788E-6
786.00	9.9999997473788E-6
787.00	9.9999997473788E-6
788.00	9.9999997473788E-6
789.00	9.9999997473788E-6
790.00	9.9999997473788E-6
791.00	9.9999997473788E-6
792.00	9.9999997473788E-6
793.00	9.9999997473788E-6
794.00	9.9999997473788E-6
795.00	9.9999997473788E-6
796.00	9.9999997473788E-6
797.00	9.9999997473788E-6
798.00	9.9999997473788E-6
799.00	9.9999997473788E-6
800.00	9.9999997473788E-6
