wl,abs,wl,em,Data copyright Molecular Probes
300,6.992418,490,0.6628883
301,6.414731,491,0.7639649
302,5.764833,492,0.9040743
303,5.295463,493,1.109958
304,4.910338,494,1.373173
305,4.537249,495,1.688184
306,4.248405,496,2.114913
307,4.031773,497,2.615701
308,3.79107,498,3.255814
309,3.670718,499,4.002972
310,3.598508,500,4.938029
311,3.514262,501,5.936033
312,3.466121,502,7.232594
313,3.442051,503,8.636907
314,3.454086,504,10.34103
315,3.490191,505,12.35569
316,3.526297,506,14.90613
317,3.586473,507,17.68821
318,3.670718,508,20.84393
319,3.754964,509,24.4466
320,3.887351,510,28.49422
321,4.019738,511,32.81538
322,4.152124,512,37.54462
323,4.320616,513,42.79142
324,4.465038,514,48.18095
325,4.597425,515,54.10442
326,4.669635,516,60.21033
327,4.729811,517,66.25898
328,4.753881,518,71.79514
329,4.753881,519,77.21327
330,4.717776,520,82.08136
331,4.669635,521,86.3781
332,4.58539,522,90.18497
333,4.489109,523,93.74204
334,4.392827,524,96.37031
335,4.320616,525,98.20728
336,4.284511,526,99.3745
337,4.248405,527,100
338,4.224335,528,99.80936
339,4.2123,529,99.15479
340,4.2123,530,97.6805
341,4.248405,531,96.10442
342,4.284511,532,93.88278
343,4.344687,533,91.83746
344,4.368757,534,89.09959
345,4.465038,535,86.64716
346,4.525214,536,83.73923
347,4.609459,537,80.76603
348,4.693706,538,77.90726
349,4.753881,539,74.91666
350,4.862197,540,71.69957
351,4.946444,541,69.0062
352,5.006619,542,66.41927
353,5.102901,543,63.76203
354,5.163076,544,61.41512
355,5.223252,545,59.05183
356,5.319533,546,56.78586
357,5.415814,547,54.56877
358,5.45192,548,52.54425
359,5.512095,549,50.78582
360,5.560236,550,49.13266
361,5.608377,551,47.52305
362,5.680587,552,46.06035
363,5.716692,553,44.65588
364,5.764833,554,43.38048
365,5.812974,555,42.34278
366,5.825009,556,41.22654
367,5.861115,557,40.26757
368,5.849079,558,39.3051
369,5.873149,559,38.21234
370,5.885185,560,37.25055
371,5.861115,561,36.5818
372,5.861115,562,35.76396
373,5.849079,563,34.74369
374,5.849079,564,34.03639
375,5.825009,565,33.14532
376,5.776868,566,32.36635
377,5.752798,567,31.48651
378,5.716692,568,30.64503
379,5.680587,569,29.79412
380,5.620412,570,29.01147
381,5.596342,571,28.0845
382,5.572271,572,27.18093
383,5.52413,573,26.34248
384,5.512095,574,25.42301
385,5.47599,575,24.57147
386,5.379709,576,23.68597
387,5.343603,577,22.8591
388,5.307498,578,22.07609
389,5.187146,579,21.20795
390,5.139006,580,20.34652
391,5.066795,581,19.52338
392,4.946444,582,18.68472
393,4.862197,583,17.84968
394,4.765916,584,17.19641
395,4.645565,585,16.51091
396,4.58539,586,15.93292
397,4.501143,587,15.29909
398,4.380792,588,14.59485
399,4.296546,589,13.94103
400,4.23637,590,13.36018
401,4.140089,591,12.85205
402,4.067878,592,12.29204
403,3.983632,593,11.8165
404,3.899386,594,11.34614
405,3.851246,595,10.88188
406,3.779035,596,10.39487
407,3.694789,597,10.02269
408,3.634613,598,9.631691
409,3.574437,599,9.273092
410,3.526297,600,8.953606
411,3.478156,601,8.575806
412,3.442051,602,8.2648
413,3.39391,603,7.882759
414,3.34577,604,7.628065
415,3.333735,605,7.376552
416,3.309664,606,7.142512
417,3.297629,607,6.854911
418,3.285594,608,6.644276
419,3.297629,609,6.418012
420,3.297629,610,6.201172
421,3.297629,611,6.036481
422,3.333735,612,5.834602
423,3.357805,613,5.532276
424,3.39391,614,5.428058
425,3.478156,615,5.281587
426,3.538332,616,5.114069
427,3.610543,617,4.942073
428,3.754964,618,4.759868
429,3.863281,619,4.59396
430,3.995667,620,4.471168
431,4.200264,621,4.248791
432,4.356722,622,4.142689
433,4.537249,623,4.010629
434,4.789987,624,3.827128
435,4.982549,625,3.692635
436,5.211216,626,3.542669
437,5.52413,627,3.411788
438,5.752798,628,3.239675
439,5.981466,629,3.212933
440,6.330485,630,3.073884
441,6.571188,631,3.025662
442,6.823925,632,2.891207
443,7.172945,633,2.783573
444,7.413648,634,2.598266
445,7.654351,635,2.587703
446,8.015406,636,2.509598
447,8.280178,637,2.436834
448,8.556986,638,2.364384
449,8.954146,639,2.26908
450,9.255024,640,2.194352
451,9.604044,641,2.11558
452,10.13359,642,2.019726
453,10.56686,643,2.006257
454,11.03623,644,1.979005
455,11.75833,645,1.83917
456,12.34806,646,1.785766
457,12.98592,647,1.717007
458,13.96076,648,1.643968
459,14.75508,649,1.593312
460,15.60958,650,1.518073
461,16.89734,,
462,17.88422,,
463,18.91924,,
464,20.44771,,
465,21.59105,,
466,22.75846,,
467,24.3832,,
468,25.57468,,
469,26.70598,,
470,28.1502,,
471,29.11301,,
472,29.97954,,
473,31.01456,,
474,31.64039,,
475,32.1579
476,32.74762
477,33.10868
478,33.40955
479,33.80672
480,34.13166
481,34.50476
482,35.16669
483,35.79251
484,36.5387
485,37.79035
486,38.90962
487,40.23348
488,42.37574
489,44.20508
490,46.25105
491,49.4163
492,51.99182
493,54.78397
494,58.9722
495,62.26983
496,65.74799
497,70.7546
498,74.53364
499,78.36081
500,83.53593
501,87.18257
502,90.55241
503,94.59622
504,96.96715
505,98.72427
506,100
507,99.87965
508,99.00108
509,96.48574
510,93.69359
511,90.13118
512,84.22193
513,79.3838
514,74.17258
515,66.66266
516,61.12649
517,55.60236
518,48.18871
519,43.14599
520,38.50042
521,32.77169
522,29.02876
523,25.61078
524,21.39848
525,18.70261
526,16.31965
527,13.46733
528,11.67409
529,10.09748
530,8.244072
531,7.100734
532,6.113853
533,4.958479
534,4.248405
535,3.634613
536,2.936575
537,2.50331
538,2.142255
539,1.73306
540,1.480322
541,1.275725
542,1.022987
543,0.8785654
544,0.7702491
545,0.6258274
546,0.5415814
547,0.4573354
548,0.3851246
549,0.336984
550,0.2888434
551,0.252738
552,0.2166326
553,0.1805271
554,0.1564569
555,0.1323866
556,0.1083163
557,0.1083163
558,9.63E-02
559,8.42E-02
560,7.22E-02
561,4.81E-02
562,4.81E-02
563,4.81E-02
564,2.41E-02
565,2.41E-02
566,1.20E-02
567,-1.20E-02
568,-1.20E-02
569,-1.20E-02
570,-2.41E-02
571,-2.41E-02
572,-2.41E-02
573,-3.61E-02
574,-3.61E-02
575,-3.61E-02
576,-4.81E-02
577,-6.02E-02
578,-6.02E-02
579,-7.22E-02
580,-7.22E-02
581,-7.22E-02
582,-7.22E-02
583,-8.42E-02
584,-8.42E-02
585,-9.63E-02
586,-9.63E-02
587,-7.22E-02
588,-7.22E-02
589,-7.22E-02
590,-6.02E-02
591,-6.02E-02
592,-4.81E-02
593,-2.41E-02
594,-2.41E-02
595,-2.41E-02
596,-1.20E-02
597,0
598,1.20E-02
599,3.61E-02
600,3.61E-02
