wl,abs pH 6.0,wl,em pH 6.0,Data copyright Molecular Probes
350,24.22600743,525,1.364589666
351,23.6983731,526,1.511766675
352,23.31620144,527,1.65349671
353,23.15764032,528,1.814575775
354,23.04173007,529,2.022924181
355,23.08375073,530,2.250863094
356,23.32676196,531,2.532820754
357,23.36687491,532,2.821606121
358,23.59470966,533,3.155712739
359,24.03196636,534,3.480226116
360,24.3275758,535,3.813031398
361,24.6970578,536,4.197861926
362,25.06424034,537,4.565703052
363,25.49074915,538,5.012396359
364,25.84144364,539,5.459496823
365,26.3038412,540,6.006991196
366,26.65010709,541,6.541884065
367,27.11652446,542,7.169450523
368,27.45667546,543,7.767751802
369,27.85339339,544,8.488395874
370,28.23556504,545,9.202534833
371,28.65171774,546,10.06584509
372,28.97665818,547,10.89379221
373,29.35905127,548,11.87131464
374,29.64619527,549,12.82445152
375,29.94579046,550,13.99422714
376,30.0980323,551,15.15059165
377,30.37863559,552,16.52765393
378,30.34908316,553,17.86732513
379,30.58555368,554,19.51144001
380,30.61299401,555,21.20350543
381,30.54986934,556,23.30000285
382,30.54544073,557,25.60541869
383,30.51375917,558,27.83969171
384,30.29227777,559,30.4158042
385,30.41474576,560,32.85412542
386,30.26039181,561,35.68792119
387,30.11470771,562,38.36198621
388,29.92046224,563,41.4746061
389,29.70509572,564,44.36856712
390,29.54462689,565,47.73807164
391,29.34215444,566,50.8515215
392,29.11813511,567,54.52993276
393,28.90065649,568,57.9197638
394,28.71928804,569,61.88269937
395,28.46992346,570,65.38633074
396,28.2799022,571,69.36552127
397,28.03920747,572,72.66999032
398,27.76282839,573,75.75498618
399,27.4416693,574,79.18952617
400,27.10196116,575,81.78676383
401,26.70902458,576,84.8433057
402,26.30997312,577,87.10319828
403,25.81166979,578,89.19643844
404,25.31127138,579,91.80587515
405,24.72640584,580,93.53737214
406,24.14366943,581,95.81350401
407,23.48089448,582,97.15887541
408,22.83058777,583,98.20346754
409,22.07448847,584,98.87817336
410,21.35872355,585,99.95121948
411,20.55660082,586,100
412,19.79227454,587,99.88618401
413,19.00873491,588,99.63824117
414,18.19395659,589,99.98780096
415,17.41062136,590,99.38624242
416,16.64629167,591,98.58553723
417,15.89019749,592,97.573455
418,15.21243852,593,96.36222612
419,14.53911328,594,94.93963587
420,13.86979933,595,94.10233354
421,13.23848963,596,92.5334174
422,12.68086852,597,91.04173577
423,12.14055986,598,89.61101804
424,11.67372859,599,88.20875431
425,11.28332994,600,86.78616406
426,10.87561886,601,85.36357381
427,10.550675,602,83.93691199
428,10.35199071,603,82.46961279
429,10.07349783,604,81.52256604
430,9.950825441,605,79.91301251
431,9.843355098,606,78.34409637
432,9.838921382,607,76.88086873
433,9.76079907,608,75.53142577
434,9.879248949,609,74.25516142
435,9.957160051,610,73.05206001
436,10.09883456,611,72.46270052
437,10.22741913,612,71.44249082
438,10.38577416,613,70.48326069
439,10.59480266,614,69.57281107
440,10.9051781,615,69.17041486
441,11.12708702,616,68.31687324
442,11.51959607,617,68.0120224
443,11.84053033,618,67.29260763
444,12.26914444,619,66.6056871
445,12.53328012,620,66.41465226
446,13.06091956,621,65.73587487
447,13.40085424,622,65.52858507
448,13.85691719,623,64.89857254
449,14.31931475,624,64.80915464
450,14.77558891,625,64.34173862
451,15.20842552,626,64.34173862
452,15.72128534,627,64.30921305
453,16.17523789,628,63.74425165
454,16.80042419,629,63.53696185
455,17.41062136,630,63.22805511
456,18.05649947,631,62.84600108
457,18.75770109,632,62.41515087
458,19.50513054,633,61.56159359
459,20.26945682,634,61.13887085
460,21.09924131,635,60.74461778
461,21.97525363,636,60.33409409
462,22.91905769,637,59.89513206
463,23.8586205,638,59.41144543
464,24.99033372,639,58.9115195
465,25.99325966,640,58.38310825
466,27.07007519,641,57.81814685
467,28.16377053,642,57.18407841
468,29.28936886,643,56.83046272
469,30.4504301,644,56.01350257
470,31.65814501,645,55.11116477
471,32.79639893,646,54.12753655
472,34.00624297,647,53.44470325
473,35.20550946,648,52.45700346
474,36.40668365,649,51.55468132
475,37.53228198,650,50.7051956
476,38.6829871,651,50.15648916
477,39.80202769,652,49.21756988
478,40.79861732,653,48.44124712
479,41.78653711,654,47.27471152
480,42.72843346,655,46.35206286
481,43.73325008,656,45.18148702
482,44.64959678,657,44.29947574
483,45.55115874,658,43.19797562
484,46.47195108,659,42.38914294
485,47.50420803,660,41.64125852
486,48.4418972,661,40.9380987
487,49.51026432,662,39.98781035
488,50.6438682,663,39.18546087
489,51.75679391,664,38.32459042
490,52.9581725,665,37.45722113
491,54.32426116,666,36.62804628
492,55.72833364,667,35.82936121
493,57.2356778,668,35.03596917
494,58.85932397,669,34.23200672
495,60.52333858,670,33.43900619
496,62.29479799,671,32.68300994
497,64.16549223,672,32.13306636
498,66.0932133,673,31.46811665
499,68.13050829,674,30.83282674
500,70.19756011,675,30.20322136
501,72.29227368,676,29.70612987
502,74.44992456,677,29.06921133
503,76.65000489,678,28.45628373
504,78.72361445,679,27.86610993
505,80.84958376,680,27.27634328
506,82.8448581,681,26.77275294
507,84.82345703,682,26.10941619
508,86.53157034,683,25.44160072
509,88.30071324,684,24.92947574
510,89.71325117,685,24.40963045
511,91.0793228,686,24.08282447
512,92.17303517,687,23.69588455
513,93.15715658,688,23.27845486
514,93.90036182,689,22.8947722
515,94.55468834,690,22.38100294
516,94.75315802,691,21.88757586
517,94.99829839,692,21.54940081
518,95.01097102,693,21.18765764
519,94.83340095,694,20.91940393
520,94.44911719,695,20.61496026
521,94.06273836,696,20.18899593
522,93.4567688,697,19.85407813
523,92.99035143,698,19.54680001
524,92.29148335,699,19.2748819
525,91.83097646,700,18.9911719
526,91.20199519,701,18.6916141
527,90.76705499,702,18.36117503
528,90.32555704,703,17.95553722
529,90.06585337,704,17.59420121
530,89.82515864,705,17.28690743
531,89.8084662,706,16.91460951
532,89.82515864,707,16.56667835
533,90.08717881,708,16.24314528
534,90.41022858,709,15.99723822
535,90.92963592,710,15.70540075
536,91.43425854,711,15.46843705
537,92.16458675,712,15.18188634
538,92.86345484,713,14.94776804
539,93.68901512,714,14.67544591
540,94.51479682,715,14.46164943
541,95.35703251,716,14.24257088
542,96.18679996,717,13.96130382
543,97.03770549,718,13.70036015
544,97.82524789,719,13.43901088
545,98.54123424,720,13.18050546
546,99.10898152,721,12.9089945
547,99.58004893,722,12.59927501
548,99.856428,723,12.27289184
549,100,724,11.99975539
550,99.89040904,725,11.7469392
551,99.53780684,726,11.5298933
552,98.89995132,727,11.31203308
553,98.06595966,728,11.08767245
554,96.91121769,729,10.80477833
555,95.5620429,730,10.51660213
556,93.96561562,731,10.26582016
557,92.05922,732,10.01178562
558,89.8718123,733,9.747996554
559,87.46903808,734,9.478111093
560,84.87835471,735,9.229768926
561,82.08496042,736,9.00581232
562,79.17333938,737,8.810713737
563,75.95345331,738,8.618460553
564,72.73125073,739,8.416859988
565,69.37433337,740,8.209974214
566,65.9663167,741,7.993739494
567,62.58616619,742,7.853105964
568,59.18470727,743,7.779944583
569,55.78323132,744,7.768971707
570,52.38577518,745,7.707188792
571,49.18721455,746,7.553144143
572,45.94409532,747,7.290980568
573,42.94379997,748,6.986139129
574,39.91604726,749,6.659348806
575,37.10577316
576,34.35228743
577,31.68771447
578,29.26402361
579,27.02151383
580,24.90799571
581,22.86647651
582,21.1095804
583,19.40146709
584,17.88357944
585,16.4623887
586,15.17654297
587,13.95193123
588,12.85822568
589,11.88930291
590,10.94740656
591,10.08806624
592,9.336618678
593,8.568068184
594,7.913533854
595,7.29278127
596,6.710034642
597,6.243414578
598,5.751457778
599,5.318409953
600,4.910910075
601,4.535079839
602,4.180363834
603,3.88899052
604,3.587271301
605,3.245224515
606,3.027749304
607,2.803729976
608,2.586256469
609,2.362446648
610,2.193745718
611,2.073396649
612,1.868379447
613,1.752252883
614,1.581440019
615,1.503318048
616,1.382968127
617,1.275075533
618,1.140157032
619,1.093495025
620,0.99869305
621,0.91402594
622,0.876020666
623,0.800010118
624,0.751659109
625,0.70288568
626,0.66086877
627,0.616529227
628,0.533973539
629,0.485622361
630,0.432837295
631,0.390609346
632,0.348170185
633,0.339935703
634,0.310376122
635,0.25336821
636,0.31671022
637,0.268148001
638,0.255479633
639,0.246822901
640,0.18981499
641,0.154149553
642,0.154149553
643,0.147506644
644,0.097088669
645,0.067280744
646,0.042071756
647,0.046500362
648,0.048544334
649,0.052802609
650,0.001907707
