wl,ex,wl,em,Data copyright Molecular Probes
352,1.629823,500,1.8222363,
353,1.7058912,501,1.9159678,
354,1.7777875,502,2.0420913,
355,1.8714559,503,2.1510448,
356,1.9548,504,2.3692251,
357,2.090926,505,2.6173437,
358,2.2339477,506,2.9072939,
359,2.3940809,507,3.1980643,
360,2.561876,508,3.5458404,
361,2.7610848,509,3.8739311,
362,2.9600382,510,4.249595,
363,3.2029197,511,4.6597084,
364,3.4294558,512,5.0903275,
365,3.6835747,513,5.5242274,
366,3.9440785,514,6.0057006,
367,4.1874708,515,6.5162918,
368,4.4535933,516,7.1121865,
369,4.7531727,517,7.7351488,
370,5.0670542,518,8.3966617,
371,5.4320149,519,9.0573544,
372,5.760454,520,9.8136035,
373,6.1203068,521,10.6387516,
374,6.4801596,522,11.4273997,
375,6.8709153,523,12.2837164,
376,7.25784,524,13.1252691,
377,7.6986533,525,14.0012714,
378,8.1435529,526,15.0392684,
379,8.5956036,527,15.9862202,
380,9.1112479,528,16.9643406,
381,9.6230612,529,18.0978941,
382,10.1277235,530,19.2088913,
383,10.6351951,531,20.3965797,
384,11.1894041,532,21.5887793,
385,11.7668542,533,22.839215,
386,12.3818475,534,24.2114545,
387,13.0037364,535,25.6845818,
388,13.6138772,536,27.059692,
389,14.2965504,537,28.5176451,
390,14.9736048,538,30.0670535,
391,15.6700694,539,31.7202206,
392,16.4107174,540,33.3155618,
393,17.1102467,541,34.846515,
394,17.8325063,542,36.4599011,
395,18.6112083,543,38.1348043,
396,19.4346046,544,39.7809995,
397,20.2500836,545,41.4505711,
398,21.1531635,546,43.0914348,
399,22.0051641,547,44.7893043,
400,22.9235677,548,46.5638649,
401,23.8580612,549,48.2564029,
402,24.799195,550,50.014559,
403,25.7375194,551,51.89862,
404,26.7236029,552,53.7342875,
405,27.6833806,553,55.6027642,
406,28.7488922,554,57.3592798,
407,29.7993355,555,59.2720487,
408,30.8916636,556,61.0252835,
409,31.9352112,557,62.8695634,
410,32.9894853,558,64.6084442,
411,34.1280402,559,66.4387803,
412,35.3238037,560,68.1813521,
413,36.4669556,561,70.1002727,
414,37.7196724,562,71.8658109,
415,38.9236085,563,73.7404392,
416,40.222552,564,75.4362581,
417,41.5493335,565,77.0787623,
418,42.8945036,566,78.6306314,
419,44.2378859,567,80.2464782,
420,45.6165129,568,81.721656,
421,46.9841578,569,83.1640248,
422,48.3408207,570,84.6904669,
423,49.6538109,571,86.1065885,
424,50.846765,572,87.5715135,
425,52.0752192,573,89.008961,
426,53.2375258,574,90.2335596,
427,54.4565303,575,91.3982816,
428,55.6765564,576,92.4928743,
429,56.8843235,577,93.3651855,
430,58.0553136,578,94.3367441,
431,59.2454584,579,95.2070047,
432,60.425132,580,95.9382369,
433,61.628302,581,96.6506039,
434,62.8416878,582,97.301864,
435,64.0660556,583,97.956815,
436,65.4160782,584,98.6117661,
437,66.7911296,585,99.0354133,
438,68.0854759,586,99.3044477,
439,69.5182467,587,99.5615888,
440,70.7875642,588,99.6973363,
441,72.1110257,589,100,
442,73.4275914,590,99.9081346,
443,74.7628011,591,99.876966,
444,76.020115,592,99.9786741,
445,77.3062886,593,99.8544097,
446,78.5352536,594,99.808477,
447,79.8362402,595,99.7654151,
448,81.183198,596,99.468493,
449,82.4285083,597,99.3700658,
450,83.6406171,598,98.542457,
451,84.7962835,599,97.5208645,
452,85.9672735,600,96.9245596,
453,87.1321342,601,95.9484897,
454,88.2627717,602,95.0318863,
455,89.381661,603,94.0139849,
456,90.3981366,604,92.9263641,
457,91.5349037,605,92.3263682,
458,92.4911058,606,91.4077142,
459,93.455736,607,90.3963746,
460,94.2300963,608,89.5380072,
461,94.8693522,609,88.4610495,
462,95.3906152,610,87.3467714,
463,95.9348638,611,86.2234708,
464,96.6476737,612,85.0714623,
465,97.0693323,613,83.8964874,
466,97.6449946,614,82.5283491,
467,98.1036856,615,81.2323908,
468,98.3779808,616,79.9840056,
469,98.6364414,617,78.69789,
470,98.872938,618,77.2460885,
471,99.191672,619,75.7491747,
472,99.394201,620,74.4979187,
473,99.6102659,621,73.2577357,
474,99.7959387,622,71.8231591,
475,100,623,70.3012283,
476,99.9846762,624,68.8543482,
477,99.8357804,625,67.602272,
478,99.7596725,626,66.2521787,
479,99.541309,627,64.8881416,
480,99.3875607,628,63.4006603,
481,99.1725174,629,62.0944491,
482,98.8037257,630,60.8308897,
483,98.2454303,631,59.4643919,
484,97.5259801,632,58.0314557,
485,96.726591,633,56.6825927,
486,95.7343781,634,55.2681116,
487,94.7723018,635,54.0135747,
488,93.7622111,636,52.6823467,
489,92.7133002,637,51.3699838,
490,91.3826877,638,50.1293908,
491,90.0152982,639,48.7989829,
492,88.4308222,640,47.5235303,
493,86.7286087,641,46.2903193,
494,84.9137656,642,44.9914902,
495,83.2616097,643,43.7357229,
496,81.3854715,644,42.5176861,
497,79.5381932,645,41.2467447,
498,77.6773788,646,40.130006,
499,75.8211616,647,38.9410872,
500,73.8380126,648,37.8862756,
501,71.7910146,649,36.9081551,
502,69.85256,650,35.7754219,
503,67.8454038,651,34.7128181,
504,65.9146109,652,33.6834335,
505,64.0446023,653,32.763139,
506,62.0004137,654,31.8457153,
507,60.1247864,655,30.9713536,
508,58.07881,656,29.9653454,
509,56.1648734,657,29.1697254,
510,54.1817244,658,28.3060266,
511,52.2200287,659,27.5752045,
512,50.3300992,660,26.6992023,
513,48.4606014,661,25.963869,
514,46.63401,662,25.2334571,
515,44.7251812,663,24.6174667,
516,42.9772519,664,23.8829536,
517,41.1498944,665,23.2173396,
518,39.3097671,666,22.4459163,
519,37.6113845,667,21.8557631,
520,35.8897609,668,21.2159862,
521,34.252418,669,20.586052,
522,32.6490426,670,19.9335616,
523,31.143484,671,19.363504,
524,29.6315404,672,18.8299465,
525,28.1882983,673,18.3415014,
526,26.7808116,674,17.8022023,
527,25.2918536,675,17.3383641,
528,23.9303382,676,16.8072672,
529,22.6806862,677,16.2663276,
530,21.4509551,678,15.7836242,
531,20.243188,679,15.2824656,
532,19.063259,680,14.8424139,
533,17.9487114,681,14.3793959,
534,16.8522969,682,13.8786474,
535,15.8128357,683,13.540714,
536,14.7866551,684,13.2179548,
537,13.8416903,685,12.8164537,
538,12.8770601,686,12.4719585,
539,12.0079479,687,12.1442779,
540,11.2657675,688,11.7485185,
541,10.4949827,689,11.410585,
542,9.7423311,690,11.045174,
543,9.0468881,691,10.6572067,
544,8.4209128,692,10.3213238,
545,7.8309484,693,10.0129186,
546,7.2338328,694,9.7016425,
547,6.6747712,695,9.4969959,
548,6.1627025,696,9.2517481,
549,5.6925187,697,8.9470339,
550,5.2414896,698,8.7259827,
551,4.8213634,699,8.5184654,
552,4.4109422,700,8.2801895,
553,4.0436829,701,8.0164866,
554,3.7162654,702,7.7326881,
555,3.4225601,703,7.4570919,
556,3.1485204,704,7.2319396,
557,2.8765238,705,7.0166301,
558,2.6390056,706,6.7771239,
559,2.4122141,707,6.5856009,
560,2.2201564,708,6.3883364,
561,2.0561922,709,6.2792462,
562,1.8983575,710,6.0901839,
563,1.7440984,711,5.9400824,
564,1.6008214,712,5.7633236,
565,1.4966198,713,5.6185535,
566,1.3701989,714,5.4590194,
567,1.2545045,715,5.3228618,
568,1.1413642,716,5.1424119,
569,1.0297562,717,4.9960014,
570,0.9375583,718,4.8688662,
571,0.8481697,719,4.7446019,
572,0.7868747,720,4.6162364,
573,0.7253243,721,4.4891012,
574,0.6527919,722,4.3660672,
575,0.5858781,723,4.2491849,
576,0.5353098,724,4.1913589,
577,0.4839752,725,4.0552013,
578,0.4221694,726,3.9616954,
579,0.370324,727,3.8550659,
580,0.3340578,728,3.7472061,
581,0.2921729,729,3.6692846,
582,0.258716,730,3.5692169,
583,0.2270469,731,3.4888347,
584,0.2017627,732,3.3990198,
585,0.1795433,733,3.2952611,
586,0.1514498,734,3.229643,
587,0.1356152,735,3.1586934,
588,0.1187591,736,3.048783,
589,0.1049677,737,2.9704513,
590,0.0939857,738,2.8630016,
591,0.0881116,739,2.7879509,
592,0.0809605,740,2.7280743,
593,0.0697231,741,2.6468719,
594,0.0661475,742,2.553366,
595,0.0639128,743,2.5021018,
596,0.0615736,744,2.4278713,
597,0.0590986,745,2.3786577,
598,0.0560736,746,2.3355958,
599,0.0576875,747,2.2728484,
600,0.052648,748,2.2310852,
,,749,2.2288843,
,,750,2.2011811,
