wl,ex,wl,em,Data copyright Molecular Probes
500,1.410352,610,2.011941587
501,1.445175,611,2.544476863
502,1.50915,612,2.961142432
503,1.558633,613,3.425783139
504,1.617552,614,4.164906354
505,1.681582,615,4.888068682
506,1.733256,616,5.889267329
507,1.792849,617,6.974602154
508,1.877605,618,8.22847503
509,1.954048,619,9.510596267
510,2.038299,620,11.02894715
511,2.134906,621,12.80630319
512,2.243813,622,14.74747445
513,2.353395,623,16.85415571
514,2.502237,624,19.18171549
515,2.638105,625,21.80296235
516,2.801607,626,24.86310343
517,2.985217,627,27.88896403
518,3.177364,628,31.12497925
519,3.368893,629,34.97546412
520,3.598616,630,39.01040967
521,3.820475,631,43.62553856
522,4.073227,632,47.60701391
523,4.315813,633,51.66038826
524,4.587155,634,56.13306875
525,4.86737,635,60.60406508
526,5.20888,636,65.10766392
527,5.411,637,69.63278739
528,5.62199,638,73.99915973
529,5.87741,639,77.9745655
530,6.21785,640,81.65883793
531,6.51729,641,85.26706826
532,6.81506,642,88.83372508
533,6.87996,643,91.55329486
534,7.12791,644,94.17577673
535,7.30436,645,96.37435068
536,7.4766,646,97.83843882
537,7.66683,647,99.0497152
538,7.71697,648,99.49043681
539,7.92532,649,99.94782011
540,8.00302,650,100
541,8.12471,651,99.67046035
542,8.26713,652,99.60912215
543,8.40185,653,99.01400232
544,8.5533,654,97.4782108
545,8.73407,655,97.08051552
546,9.147261,656,95.79435754
547,9.20385,657,93.27811692
548,9.55271,658,91.61221641
549,9.711969,659,88.75595272
550,10.0795,660,86.4859455
551,10.3805,661,84.22682291
552,10.8308,662,81.72652242
553,11.3109,663,79.16006048
554,11.732,664,77.52972204
555,12.362,665,74.05956392
556,12.7949,666,71.36031116
557,13.6818,667,68.29855981
558,14.3091,668,66.11714981
559,15.1619,669,62.75343973
560,16.0273,670,61.09637728
561,16.7542,671,58.66773597
562,18.0358,672,56.54070685
563,18.9844,673,54.28685095
564,20.0621,674,51.88851465
565,21.3351,675,50.30429178
566,22.482,676,48.65643313
567,23.6756,677,45.93130044
568,24.8541,678,44.52147952
569,25.8163,679,42.69394821
570,27.1702,680,41.57558949
571,28.3823,681,40.45169205
572,29.401,682,38.84520979
573,30.5763,683,37.69178997
574,31.2486,684,37.0121238
575,32.6,685,35.743916
576,32.9985,686,34.86485699
577,33.8644,687,34.03090958
578,34.4968,688,33.37993597
579,34.868,689,32.42139842
580,35.0542,690,31.58659822
581,35.3398,691,30.50960871
582,35.2095,692,30.57625067
583,35.1132,693,30.07584574
584,34.8459,694,29.94731475
585,34.5964,695,29.75276982
586,34.0699,696,29.41354306
587,34.1357,697,29.18547796
588,33.5557,698,28.91322043
589,32.6279,699,28.24969502
590,32.6758,700,28.54357292
591,31.8584,701,28.24345225
592,31.2767,702,28.43664082
593,31.0154,703,28.11846753
594,30.7168,704,28.36863392
595,30.5549,705,28.31762754
596,30.2043,706,27.5955569
597,30.3298,707,28.23255664
598,31.0029,708,28.5168667
599,31.2373,709,28.16165623
600,31.5646,710,27.92264816
601,32.3548,711,27.62397815
602,32.6881,712,27.33674857
603,33.8847,713,27.3408292
604,34.7299,714,27.09860838
605,36.1105,715,26.57700737
606,37.8494,716,26.96352581
607,39.7055,717,26.38897412
608,41.2176,718,25.89433911
609,42.9846,719,25.53699572
610,44.7948,720,25.35725515
611,47.4221,721,25.13875108
612,50.069,722,24.40552194
613,52.8038,723,23.67920035
614,55.7074,724,23.11522328
615,58.6321,725,22.21435058
616,61.6153,726,21.55163028
617,64.9227,727,21.35899987
618,67.7114,728,20.52523123
619,70.807,729,20.07944375
620,74.6315,730,19.2576475
621,78.2275,731,18.52880508
622,81.743,732,18.03005586
623,85.0045,733,17.73521847
624,87.8369,734,16.95931909
625,91.005,735,16.65047077
626,93.0862,736,15.84705548
627,94.9722,737,15.42429682
628,97.6264,738,15.1815306
629,98.4674,739,14.73936958
630,99.425,740,14.2878814
631,100,741,14.01690051
632,99.8444,742,13.34133301
633,99.6946,743,12.80687896
634,98.5743,744,12.16350835
635,96.9458,745,12.28799759
636,95.3707,746,12.06536843
637,92.3625,747,11.20604585
638,90.2192,748,10.8583022
639,86.374,749,10.89137087
640,82.9592,750,10.56919071
641,78.7653,751,10.2835251
642,74.5391,752,9.908446125
643,70.7029,753,9.339454909
644,65.9241,754,9.087112285
645,61.6472,755,8.440188421
646,58.5513,756,8.305285522
647,55.4092,757,8.418790755
648,52.3297,758,7.722466408
649,49.877,759,7.556874751
650,45.8692,760,7.397853015
651,42.1321,761,6.84416964
652,37.0895,762,6.787134649
653,32.2514,763,6.621235137
654,28.5492,764,6.468925922
655,24.554,765,6.232295632
656,21.7767,766,5.843910794
657,19.5175,767,6.134274403
658,17.2251,768,5.678089913
659,15.253,769,5.503741928
660,13.4362,770,5.640649405
661,11.6485,771,5.355531488
662,10.3609,772,5.084595422
663,8.9884,773,5.140232378
664,7.78285,774,5.034136687
665,6.83351,775,4.906553779
666,5.92005,776,4.643953328
667,5.04093,777,4.488505268
668,4.56197,778,4.697505481
669,3.86013,779,4.334970461
670,3.33198,780,4.312031793
671,2.95764,781,4.454461538
672,2.49105,782,4.363944966
673,2.22835,783,3.760920428
674,1.94901,784,4.334032346
675,1.63874,785,4.120577751
676,1.43328,786,3.726474388
677,1.16274,787,3.771929812
678,1.04311,788,3.99698114
679,1.00385,789,3.899050569
680,0.784431,790,3.932176711
681,0.659574,791,3.891242563
682,0.578182,792,3.484692426
683,0.466436,793,3.478902534
684,0.386173,794,3.463513257
685,0.352474,795,3.282409794
686,0.351388,796,3.586113975
687,0.219784,797,3.392300991
688,0.249689,798,3.355043621
689,0.179259,799,3.350218689
690,0.182008,800,3.20009595
691,0.128754
692,0.122966
693,0.0691356
694,0.071909
695,0.0184576
696,0.0314647
697,-0.0446778
698,-0.0128633
699,0.0130066
700,-0.0196423
