wl,abs,wl,em
250,14.898,535,1.9275
251,14.45098,536,2.080853
252,14.31225,537,2.318372
253,14.1504,538,2.506311
254,14.2267,539,3.047387
255,14.27294,540,3.724193
256,14.68219,541,4.293104
257,15.27488,542,5.430642
258,15.44444,543,6.47603
259,16.11573,544,7.932
260,16.82402,545,9.589578
261,17.14002,546,11.60846
262,18.03405,547,14.00496
263,19.00593,548,16.69012
264,19.90767,549,19.61489
265,20.68532,550,23.73687
266,21.99632,551,27.52582
267,23.14392,552,32.14893
268,23.89151,553,37.17287
269,25.37129,554,42.43115
270,26.48961,555,48.58021
271,27.21408,556,54.5079
272,28.23143,557,60.02837
273,29.32508,558,66.74229
274,30.22759,559,72.594
275,31.12856,560,77.97654
276,31.69196,561,82.70882
277,32.00718,562,87.29093
278,32.88657,563,91.2897
279,33.54092,564,94.82516
280,33.17868,565,97.03651
281,33.07077,566,98.87507
282,33.40989,567,99.69165
283,33.00989,568,100
284,33.13243,569,99.22762
285,32.39254,570,97.85753
286,31.07539,571,96.45851
287,29.00986,572,94.81203
288,27.07535,573,92.65322
289,25.41754,574,88.89925
290,24.79403,575,86.21765
291,24.06955,576,83.61398
292,23.31347,577,79.9193
293,22.06491,578,76.77615
294,20.2306,579,73.83575
295,18.03405,580,70.47177
296,17.14002,581,68.08646
297,15.24482,582,65.04823
298,13.3712,583,62.79854
299,12.57043,584,59.72463
300,11.09758,585,57.24417
301,9.726472,586,54.91389
302,8.870203,587,52.342
303,8.246692,588,50.89114
304,8.076364,589,48.84862
305,6.781555,590,47.4361
306,5.711027,591,46.26821
307,5.726441,592,45.21783
308,5.333375,593,43.69668
309,4.308319,594,43.19803
310,4.523349,595,42.44677
311,4.38539,596,41.76688
312,3.961495,597,41.46705
313,3.845116,598,41.3506
314,3.798873,599,40.8278
315,3.6455,600,40.53898
316,4.184233,601,40.72573
317,3.806581,602,40.20702
318,3.374978,603,40.7323
319,3.221605,604,40.28247
320,2.928732,605,40.63733
321,2.404643,606,40.84218
322,2.697516,607,40.17276
323,2.342985,608,40.15182
324,2.188071,609,40.35933
325,2.565723,610,39.83317
326,2.943375,611,39.93169
327,2.250499,612,39.32138
328,3.136055,613,38.41107
329,3.197713,614,38.41338
330,2.643566,615,37.66869
331,2.90561,616,36.85991
332,2.843182,617,35.89563
333,2.558016,618,35.14508
334,2.257436,619,34.18329
335,2.828538,620,33.80571
336,2.072463,621,32.81551
337,1.902905,622,31.43602
338,1.741054,623,30.60363
339,1.594617,624,29.09313
340,1.541438,625,28.93176
341,1.402708,626,27.34156
342,1.240857,627,26.43
343,1.510609,628,25.45862
344,1.294037,629,24.28043
345,1.1792,630,23.43154
346,1.247794,631,22.55886
347,1.487487,632,21.64641
348,1.101357,633,21.17084
349,1.247794,634,20.01076
350,1.42583,635,19.45122
351,1.402708,636,18.73156
352,1.156078,637,18.15605
353,1.301744,638,17.27609
354,1.139893,639,16.81037
355,1.263979,640,15.84705
356,1.001935,641,15.27929
357,1.078236,642,14.82007
358,0.7321829,643,14.53366
359,1.109835,644,13.90894
360,0.5926828,645,13.72499
361,0.7707189,646,13.16842
362,0.84702,647,12.75255
363,0.7159978,648,12.26964
364,0.4624313,649,12.04419
365,0.6859398,650,11.99763
366,0.5233181,651,11.50307
367,0.5156109,652,11.20508
368,0.3545307,653,10.86402
369,0.2774588,654,10.8032
370,5.40E-02,655,10.33782
371,0.2543372,656,10.37657
372,0.1695582,657,9.949337
373,0.3159947,658,9.635945
374,0.1842018,659,9.538666
375,1.46E-02,660,9.519262
376,0.4693678,661,9.088923
377,0.4547241,662,8.836083
378,6.94E-03,663,9.11026
379,0.6928762,664,8.620735
380,0.5464396,665,8.446874
381,0.531796,666,8.405282
382,0.5626248,667,8.097429
383,1.764175,668,7.667711
384,0.9857494,669,7.776281
385,0.4624313,670,7.692084
386,0.4624313,671,7.37919
387,0.4924893,672,7.15202
388,0.4154174,673,6.850256
389,0.5857463,674,6.746568
390,0.4924893,675,6.73494
391,0.5387325,676,6.512545
392,0.4462462,677,6.125715
393,0.4855529,678,6.188344
394,0.2458593,679,5.916368
395,0.5387325,680,5.932841
396,0.4231246,681,5.561064
397,0.4385391,682,5.119736
398,0.4385391,683,5.20056
399,0.5387325,684,5.267626
400,0.2689809,685,4.926348
401,0.4624313,686,4.719183
402,0.2928732,687,4.66607
403,0.4385391,688,4.400077
404,0.3545307,689,4.323992
405,0.3776522,690,4.145853
406,0.2158013,691,3.843202
407,0.3545307,692,3.927079
408,0.3159947,693,3.716258
409,0.4462462,694,3.464608
410,0.3614671,695,3.54371
411,0.5086744,696,3.102222
412,0.4154174,697,3.105293
413,0.5009673,698,3.127128
414,0.5156109,699,2.904769
415,0.4385391,700,2.847537
416,0.4547241,701,2.883875
417,0.655111,702,2.687468
418,0.6088679,703,2.543945
419,0.5926828,704,2.476683
420,0.5857463,705,2.346171
421,0.5464396,706,2.171529
422,0.6782326,707,2.219831
423,0.6928762,708,1.996158
424,0.5926828,709,1.829788
425,0.655111,710,2.111634
426,0.9163847,711,1.854517
427,0.9479842,712,1.922329
428,0.7622409,713,1.812392
429,0.7553045,714,1.654301
430,0.8316056,715,1.58348
431,1.070529,716,1.557193
432,0.7622409,717,1.435518
433,0.9325698,718,1.525089
434,0.8238984,719,1.254501
435,0.8863267,720,1.514574
436,0.8778488,721,1.187223
437,0.9857494,722,1.302513
438,1.008871,723,1.293496
439,1.156078,724,1.309794
440,1.055114,,
441,1.063592
442,1.116772
443,1.202321
444,1.148371
445,1.418123
446,1.42583
447,1.64086
448,1.842018
449,1.818897
450,1.856662
451,2.13412
452,2.072463
453,2.289035
454,2.289035
455,2.611966
456,2.697516
457,2.828538
458,2.85166
459,3.243956
460,3.290199
461,3.482879
462,3.706387
463,3.89136
464,4.13799
465,4.161882
466,4.453984
467,4.746858
468,5.085974
469,5.425861
470,5.626248
471,5.980008
472,6.165751
473,6.65824
474,7.120672
475,7.553045
476,8.00777
477,8.538795
478,9.309513
479,9.633986
480,10.1573
481,10.80471
482,11.40664
483,11.76888
484,12.41551
485,12.82476
486,13.41822
487,13.77197
488,14.24982
489,14.66601
490,15.22863
491,15.5138
492,16.10725
493,16.42325
494,17.17162
495,17.76507
496,18.69687
497,19.26797
498,20.18435
499,21.194
500,22.36626
501,23.32195
502,24.71618
503,25.8106
504,27.5216
505,28.93202
506,30.78945
507,32.53975
508,34.44343
509,36.16983
510,38.14981
511,40.15368
512,41.88086
513,43.53791
514,45.34833
515,46.65932
516,47.97648
517,48.9946
518,49.61811
519,49.96493
520,50.51291
521,50.41272
522,50.44278
523,50.00347
524,49.87245
525,49.2104
526,48.95529
527,48.65471
528,48.4628
529,48.38573
530,48.78573
531,49.05548
532,49.65664
533,50.4975
534,51.47554
535,52.72488
536,54.20466
537,55.8617
538,57.94265
539,59.94651
540,62.45906
541,65.03326
542,67.88415
543,71.02945
544,74.25799
545,77.85031
546,81.43338
547,85.28004
548,88.81764
549,92.09242
550,95.06046
551,97.57224
552,99.15221
553,100
554,99.91522
555,98.87475
556,96.65585
557,93.55679
558,89.36485
559,84.93322
560,79.73087
561,74.18862
562,68.12384
563,62.14229
564,56.15458
565,50.22697
566,44.67009
567,39.59106
568,34.69006
569,30.3116
570,26.25839
571,22.65066
572,19.5069
573,16.69377
574,14.29606
575,12.3315
576,10.34228
577,8.863267
578,7.652468
579,6.628182
580,5.526054
581,4.700614
582,4.061688
583,3.652437
584,3.20619
585,2.897132
586,2.396165
587,2.211192
588,1.872847
589,1.694811
590,1.610802
591,1.441244
592,1.263979
593,1.348758
594,1.263979
595,1.086714
596,1.055114
597,1.240857
598,0.8547271
599,1.078236
600,0.9556914
Data Copyright MP Inc.