wl,ex,wl,em,Data copyright Molecular Probes
300,5.945814522,390,0.077718423
301,5.975497657,391,0.095812203
302,5.957858461,392,0.096892093
303,6.021320908,393,0.096140867
304,6.039136229,394,0.099454698
305,5.927521238,395,0.107568428
306,5.983424483,396,0.122589877
307,6.031096299,397,0.137496748
308,5.946721479,398,0.158967138
309,5.980340744,399,0.180006133
310,5.972034716,400,0.21966308
311,5.972034716,401,0.274589549
312,5.982960777,402,0.31809517
313,6.005566423,403,0.379660068
314,6.009736955,404,0.450993137
315,6.054545321,405,0.567268332
316,6.170144755,406,0.690794099
317,6.199291484,407,0.822608295
318,6.335245293,408,1.009845249
319,6.547781318,409,1.244849514
320,6.712439457,410,1.519397465
321,6.984722777,411,1.901651033
322,7.407235093,412,2.348925289
323,7.752536551,413,2.885729854
324,8.262051199,414,3.432910724
325,8.734324499,415,4.139756346
326,9.337448621,416,4.912309035
327,10.00058923,417,5.78808961
328,10.62556826,418,6.842613761
329,11.52244609,419,8.023499275
330,12.39220067,420,9.436682446
331,13.11619016,421,10.94811871
332,13.90817155,422,12.63017136
333,14.8865774,423,14.55060874
334,15.95742074,424,16.5991762
335,17.04942504,425,18.92559558
336,18.29622931,426,21.50154388
337,19.34559905,427,24.16825862
338,20.44315352,428,27.01290326
339,21.57235388,429,30.10839792
340,22.94440126,430,33.35852388
341,24.14507626,431,36.89436482
342,25.41235066,432,40.40640648
343,26.76539693,433,44.10312019
344,28.15444684,434,47.90240326
345,29.63599477,435,51.82390194
346,31.20743326,436,55.50819293
347,32.53892856,437,59.63572559
348,34.11694631,438,63.1365465
349,36.07710403,439,66.69125058
350,37.74683072,440,70.20244361
351,39.51496303,441,73.81638068
352,41.15990262,442,77.24033325
353,43.11041264,443,80.57158635
354,44.85619192,444,83.32094892
355,46.84037879,445,85.87858011
356,48.48079261,446,88.58683359
357,50.61431064,447,90.85795951
358,52.34254133,448,92.93618945
359,54.47249756,449,94.72292822
360,56.32545042,450,96.21752075
361,58.50230383,451,97.71422409
362,60.36386585,452,98.42602357
363,62.48698087,453,99.04031966
364,64.66909652,454,99.7046776
365,66.87588514,455,99.87693301
366,68.808325,456,100
367,70.94357512,457,99.7281767
368,72.84529642,458,99.20881
369,75.26425062,459,98.6391267
370,76.87049987,460,97.82109934
371,78.72686896,461,97.15030969
372,80.58638177,462,95.83424767
373,82.14938062,463,94.7145026
374,84.13067642,464,93.34488496
375,85.89975974,465,91.87383344
376,87.18802609,466,90.30112968
377,88.34370881,467,88.47735236
378,89.76455878,468,86.70057986
379,90.97572706,469,84.97092135
380,91.909256,470,83.18879902
381,92.68451269,471,81.25434391
382,93.3588965,472,79.56655875
383,94.63102731,473,77.67641534
384,95.33170979,474,75.93340046
385,96.02529536,475,74.03768886
386,96.95523316,476,72.08907672
387,97.96632654,477,70.28784786
388,98.56665447,478,68.58419518
389,99.04035534,479,66.67731081
390,99.61300753,480,65.01862492
391,99.93217502,481,63.25697663
392,100,482,61.64354867
393,99.8900261,483,59.92708552
394,99.90173865,484,58.20807484
395,99.48446637,485,56.73846361
396,98.67056523,486,55.01453982
397,97.64392166,487,53.54037942
398,96.01877377,488,51.91253968
399,94.41289681,489,50.50465186
400,92.45836385,490,48.94296823
401,89.97415767,491,47.32056193
402,87.40938441,492,46.07960254
403,84.40748895,493,45.12755324
404,81.23196448,494,44.18394558
405,77.80719771,495,43.19412283
406,74.15885065,496,42.17916067
407,70.4511479,497,41.24182661
408,66.59316886,498,40.15591544
409,62.85019574,499,39.10718456
410,59.13955731,500,38.21368692
411,55.44957178,501,37.03162172
412,51.63921095,502,36.03130341
413,47.93481408,503,35.11271314
414,44.1035484,504,34.13714467
415,40.42174516,505,33.28184908
416,37.03999134,506,32.19565124
417,33.71616757,507,31.40815005
418,30.60448875,508,30.575582
419,27.73541906,509,29.95053117
420,24.93356953,510,29.17302526
421,22.40712029,511,28.36340406
422,19.94020706,512,27.55853819
423,17.63041081,513,26.7638201
424,15.65947759,514,26.12847121
425,13.88485167,515,25.47498299
426,12.15600594,516,24.89776004
427,10.61231033,517,24.19758666
428,9.123877862,518,23.72515409
429,7.882315476,519,23.11612114
430,6.865036472,520,22.65139431
431,5.845355191,521,21.96001927
432,5.059671811,522,21.29314181
433,4.308777543,523,20.52493819
434,3.664880537,524,19.93083274
435,3.13303764,525,19.5288965
436,2.64730166,526,18.89334829
437,2.208834758,527,18.25090091
438,1.847470246,528,17.69229296
439,1.562337401,529,16.95612703
440,1.284935509,530,16.60658072
,,531,16.06690952
,,532,15.75390013
,,533,15.22441847
,,534,14.92856536
,,535,14.61896373
,,536,14.21082312
,,537,13.63462306
,,538,13.24821247
,,539,12.91106475
,,540,12.53242262
,,541,12.09783739
,,542,11.64357072
,,543,11.37743121
,,544,10.96130769
,,545,10.64625708
,,546,10.28607633
,,547,9.985114247
,,548,9.431949043
,,549,9.27734329
,,550,8.970454898
,,551,8.648235332
,,552,8.330333086
,,553,8.096669467
,,554,7.904930227
,,555,7.571327779
,,556,7.348861241
,,557,7.149713516
,,558,6.851112612
,,559,6.632842745
,,560,6.505128347
,,561,6.255636131
,,562,6.049474447
,,563,5.889016123
,,564,5.643566821
,,565,5.484400672
,,566,5.352838407
,,567,5.219347262
,,568,4.971011496
,,569,4.788868191
,,570,4.611686879
,,571,4.447053908
,,572,4.37777467
,,573,4.058335498
,,574,4.030261468
,,575,3.77751378
,,576,3.802260811
,,577,3.655149144
,,578,3.529495094
,,579,3.362609882
,,580,3.216670922
,,581,3.099747801
,,582,3.067489483
,,583,2.965286197
,,584,2.857756119
,,585,2.838545344
,,586,2.749863295
,,587,2.642636399
,,588,2.5593588
,,589,2.558117983
,,590,2.466841416
,,591,2.378858309
,,592,2.348973223
,,593,2.196026707
,,594,2.165467811
,,595,2.11384636
,,596,2.092093638
,,597,2.005797819
,,598,1.962662137
,,599,1.935718963
,,600,1.849499764
,,601,1.790462787
,,602,1.708211259
,,603,1.673348712
,,604,1.676307995
,,605,1.635690653
,,606,1.617825725
,,607,1.495902672
,,608,1.425187785
,,609,1.429683791
,,610,1.415308257
,,611,1.368858644
,,612,1.346612726
,,613,1.288165659
,,614,1.259032493
,,615,1.245374443
,,616,1.254485326
,,617,1.164835387
,,618,1.152422303
,,619,1.081431364
,,620,1.079247982
,,621,1.016461973
,,622,0.99308762
,,623,1.026606691
,,624,0.953830571
,,625,0.938601426
,,626,0.92431172
,,627,0.925080158
,,628,0.870077799
,,629,0.896374356
,,630,0.838058921
,,631,0.875683612
,,632,0.781484484
,,633,0.776209247
,,634,0.762905027
,,635,0.737666728
,,636,0.727905391
,,637,0.712807327
,,638,0.719915198
,,639,0.655465212
,,640,0.655573032
,,641,0.651292919
,,642,0.621582573
,,643,0.628583205
,,644,0.569852105
,,645,0.593931588
,,646,0.590260341
,,647,0.553064382
,,648,0.52902838
,,649,0.527069583
,,650,0.509921351
