wl,ex,wl,em,Data copyright Molecular Probes
350,4.724903962,480,0.614200901
351,4.585021708,481,0.71954643
352,4.417332823,482,0.889479506
353,4.282859721,483,1.102780311
354,4.126517779,484,1.38064873
355,4.012437254,485,1.727394599
356,3.810821407,486,2.133876856
357,3.682741313,487,2.668934335
358,3.557484858,488,3.365201664
359,3.426115402,489,4.182549438
360,3.302240897,490,5.187395963
361,3.197490914,491,6.404832857
362,3.100319152,492,7.870879199
363,2.985724959,493,9.679612565
364,2.897134394,494,11.76596072
365,2.844703873,495,14.19497798
366,2.754490437,496,17.12339336
367,2.682082963,497,20.48584179
368,2.637140825,498,24.23623841
369,2.589751337,499,28.37635505
370,2.509930235,500,33.06213586
371,2.467671121,501,37.84678198
372,2.428894055,502,42.81433998
373,2.395134737,503,48.25282945
374,2.379619708,504,53.71304748
375,2.327810346,505,59.25369771
376,2.31358385,506,64.80311237
377,2.28110974,507,70.41402424
378,2.276239299,508,75.49927169
379,2.254767048,509,80.12255238
380,2.208476888,510,84.52566215
381,2.195802573,511,88.22523687
382,2.178161791,512,91.21024457
383,2.140979359,513,93.90722943
384,2.132196031,514,96.09066923
385,2.118036071,515,97.82483685
386,2.11452216,516,98.8855638
387,2.093009113,517,99.43488896
388,2.062228654,518,99.73514958
389,2.047537605,519,100
390,2.019534373,520,99.49259879
391,1.998659832,521,98.28771796
392,2.010819134,522,96.24400546
393,1.991423076,523,93.95640051
394,2.0093158,524,92.15797053
395,2.010496654,525,90.28015643
396,2.002150852,526,88.43985485
397,2.001439153,527,86.12620509
398,2.030151335,528,83.50831663
399,2.031667341,529,80.62970696
400,2.047131214,530,77.99938257
401,2.045058746,531,75.37432149
402,2.036981616,532,72.80905431
403,2.054856238,533,70.52830531
404,2.074652541,534,68.58632584
405,2.096432202,535,66.59776901
406,2.108278321,536,64.52093248
407,2.13190382,537,62.52859224
408,2.147528144,538,60.62617806
409,2.174749444,539,58.84472716
410,2.180392421,540,56.87706152
411,2.252187548,541,55.38982842
412,2.286007723,542,54.03096732
413,2.339272212,543,52.77178884
414,2.395986564,544,51.5400938
415,2.457698381,545,50.0280056
416,2.533675727,546,48.40933043
417,2.645163136,547,47.34638252
418,2.767792768,548,46.13535183
419,2.894420439,549,45.17567459
420,3.046316105,550,44.31579319
421,3.199516244,551,43.4112058
422,3.347856026,552,42.30872182
423,3.519969538,553,41.2545964
424,3.764361669,554,40.20587994
425,3.971921995,555,39.24485281
426,4.26718415,556,38.29405159
427,4.551931426,557,37.37874211
428,4.820811821,558,36.3538067
429,5.098919017,559,35.34038015
430,5.405471086,560,34.27061171
431,5.672696575,561,33.55471114
432,6.000924753,562,32.41800613
433,6.30388826,563,31.440313
434,6.624285025,564,30.46155276
435,7.000398977,565,29.63178464
436,7.307897373,566,28.83450895
437,7.663163198,567,27.89185075
438,8.018074626,568,26.87428684
439,8.443953954,569,25.97139729
440,8.84269509,570,25.03415313
441,9.349721688,571,24.09608681
442,9.86268371,572,23.27534545
443,10.44090007,573,22.39999788
444,11.03674067,574,21.67571944
445,11.70423568,575,20.82624644
446,12.49099028,576,19.99416479
447,13.31807001,577,19.26926843
448,14.1080329,578,18.48774431
449,14.95196482,579,17.82466445
450,15.90593343,580,17.17914428
451,16.95552578,581,16.59211213
452,18.04436071,582,15.95998675
453,19.23948378,583,15.38604782
454,20.67332692,584,14.74289475
455,21.94905437,585,14.19931039
456,23.12832021,586,13.68246281
457,24.52514472,587,13.21151824
458,25.83922136,588,12.76669957
459,27.22973666,589,12.24870098
460,28.46421088,590,11.87565209
461,29.739909,591,11.477793
462,30.93357372,592,11.00876312
463,32.11301859,593,10.67988844
464,33.08769899,594,10.31059329
465,33.97742402,595,10.01775502
466,34.79426088,596,9.690564627
467,35.76563853,597,9.464731174
468,36.59542636,598,9.144066703
469,37.38796655,599,8.911239824
470,38.27509997,600,8.639488465
471,39.09665626,601,8.343414029
472,40.01733806,602,8.039529137
473,41.08889358,603,7.846260519
474,42.42507353,604,7.540852492
475,43.75763319,605,7.336955472
476,45.3700757,606,7.131600044
477,47.48675734,607,6.941018932
478,49.67286432,608,6.730869001
479,52.14626753,609,6.494126484
480,54.77256605,610,6.331969271
481,57.64460164,611,6.136435419
482,60.68635644,612,5.998267801
483,64.10431032,613,5.803437877
484,67.61354213,614,5.659316694
485,71.29986503,615,5.502480537
486,75.17518322,616,5.337636562
487,79.16052396,617,5.165780158
488,82.99212192,618,4.986778429
489,86.79041865,619,4.825496402
490,90.13469888,620,4.708904631
491,93.22858415,621,4.564999576
492,95.85142306,622,4.445806438
493,98.19969723,623,4.275899315
494,99.43300365,624,4.139977628
495,100,625,3.967040434
496,99.5546128,626,3.870983695
497,98.48210762,627,3.737142179
498,96.49198381,628,3.6581926
499,93.39017177,629,3.49040353
500,89.90943815,630,3.366246051
501,85.60321108,631,3.297157666
502,80.68417877,632,3.170728306
503,75.24049632,633,3.035367185
504,69.7885471,634,2.951971632
505,63.78977902,635,2.858685412
506,57.62679502,636,2.747053952
507,51.4859417,637,2.649993737
508,45.77803779,638,2.553677275
509,40.37331286,639,2.465903133
510,35.38865623,640,2.428569886
511,30.69139831,641,2.285286344
512,26.57983599,642,2.214918436
513,22.887821,643,2.136033264
514,19.56719508,644,2.077812755
515,16.55972661,645,2.007647889
516,13.95691862,646,1.903905379
517,11.68265603,647,1.875507961
518,9.759306486,648,1.783060552
519,8.108780638,649,1.735172139
520,6.782570533,650,1.662247095
521,5.665834945
522,4.73198956
523,3.91335395
524,3.265346771
525,2.723026507
526,2.281826416
527,1.908915494
528,1.634203298
529,1.393493765
530,1.200977275
