wl,abs,wl,em
250,17.68766,605,0.2760392
251,17.65636,606,0.1509712
252,17.6279,607,0.1289566
253,17.59913,608,0.2249085
254,17.64339,609,0.2988017
255,17.43787,610,0.3742304
256,17.5204,611,0.4267231
257,17.58363,612,0.5911767
258,17.53589,613,0.671727
259,17.60261,614,0.841929
260,17.70695,615,0.9646147
261,17.75723,616,1.179749
262,18.0105,617,1.347361
263,18.27262,618,1.531825
264,18.60463,619,1.759501
265,18.93663,620,2.005481
266,19.2718,621,2.337092
267,19.51243,622,2.675878
268,19.82198,623,3.062562
269,20.39429,624,3.51385
270,20.74527,625,3.988597
271,21.06463,626,4.517382
272,21.4409,627,5.114654
273,21.72864,628,5.827175
274,22.14286,629,6.494436
275,22.53178,630,7.578236
276,22.67406,631,8.308002
277,22.9305,632,9.512203
278,23.1803,633,10.66563
279,23.25302,634,11.86227
280,23.2878,635,13.49257
281,23.18662,636,15.30349
282,22.98742,637,16.78073
283,22.81635,638,19.23722
284,22.57952,639,21.20208
285,22.257,640,24.23127
286,22.06697,641,27.19145
287,22.10175,642,30.5987
288,21.83014,643,33.92309
289,21.79536,644,38.14726
290,21.8899,645,42.01618
291,22.08594,646,47.44256
292,22.15234,647,52.38836
293,22.35819,648,58.45015
294,22.497,649,64.49821
295,22.78473,650,70.69983
296,22.82616,651,77.55913
297,22.81319,652,83.3001
298,23.16449,653,88.56595
299,23.24322,654,92.40845
300,23.46803,655,96.55314
301,23.97679,656,98.69862
302,24.37868,657,100
303,24.72965,658,99.73615
304,25.15304,659,97.91018
305,25.79175,660,95.55212
306,26.00076,661,92.54232
307,26.39885,662,88.30883
308,26.72453,663,85.10639
309,27.03472,664,80.4814
310,27.21179,665,76.66919
311,27.40783,666,72.63067
312,27.55929,667,69.11441
313,27.89161,668,64.99562
314,27.84386,669,62.2155
315,27.83786,670,58.7865
316,27.86283,671,56.43517
317,27.98615,672,53.58643
318,27.42016,673,51.79723
319,27.0031,674,49.54169
320,26.66161,675,48.10464
321,25.83286,676,46.00887
322,24.96364,677,44.57129
323,24.11307,678,43.04283
324,22.73762,679,41.54337
325,21.52027,680,40.06644
326,20.18909,681,38.95667
327,18.57617,682,37.51521
328,17.25479,683,36.44635
329,16.10669,684,35.31871
330,15.05091,685,33.91661
331,14.10201,686,32.36045
332,13.02726,687,31.19838
333,12.26206,688,30.18855
334,11.64833,689,29.23543
335,10.96566,690,28.19739
336,10.44078,691,27.09176
337,10.08,692,26.36753
338,9.649971,693,25.61382
339,9.359387,694,24.87134
340,9.175995,695,23.93748
341,9.18548,696,23.5472
342,8.809208,697,22.93967
343,8.761778,698,22.24963
344,8.565421,699,21.63698
345,8.562259,700,20.93896
346,8.50566,701,20.56889
347,8.423133,702,20.40447
348,8.382343,703,19.75451
349,8.493012,704,18.97785
350,8.480365,705,18.77073
351,8.511984,706,18.52206
352,8.591033,707,18.06955
353,8.578385,708,17.91435
354,8.562259,709,17.55219
355,8.574906,710,17.41829
356,8.524632,711,17.31565
357,8.483526,712,16.64109
358,8.461392,713,16.39832
359,8.312464,714,16.60826
360,8.454752,715,16.43851
361,8.426611,716,16.39138
362,8.287485,717,16.3369
363,8.293492,718,16.01612
364,8.312464,719,15.85933
365,8.23057,720,15.20424
366,8.204958,721,15.39422
367,8.135712,722,14.66748
368,8.005755,723,14.52463
369,7.964649,724,14.18743
370,7.882755,725,13.83505
371,7.746474,726,13.76328
372,7.743629,727,13.29278
373,7.673749,728,12.41444
374,7.481186,729,12.06387
375,7.462215,730,12.21356
376,7.281667,731,11.64138
377,7.209259,732,10.89841
378,7.117245,733,10.66105
379,7.158351,734,10.36431
380,7.072978,735,9.948939
381,7.057485,736,9.798113
382,7.266174,737,9.198071
383,7.199772,738,8.919799
384,7.224751,739,8.574129
385,6.965471,740,7.586754
386,6.911718,741,7.967898
387,6.915196,742,7.003672
388,6.921204,743,6.907013
389,6.785556,744,6.748134
390,6.776071,745,6.218339
391,6.665402,746,6.292911
392,6.630304,747,5.992709
393,6.491495,748,5.305796
394,6.431101,749,5.175865
395,6.308101,750,4.848604
396,6.156327,751,4.904636
397,6.070955,752,4.366867
398,6.026687,753,4.149987
399,5.855625,754,4.063324
400,5.830646,755,3.562063
401,5.707329,756,3.741967
402,5.662746,757,3.083795
403,5.485676,758,3.19037
404,5.419276,759,3.226672
405,5.311769,760,2.683594
406,5.226396,761,2.420434
407,5.100234,762,2.225175
408,4.995574,763,2.399256
409,4.900715,764,2.121907
410,4.806172,765,1.684464
411,4.708152,766,1.934059
412,4.692342,767,1.48491
413,4.53709,768,1.579411
414,4.514956,769,1.356419
415,4.372668,770,1.048176
416,4.4299,771,0.977512
417,4.338203,772,0.9052759
418,4.296781,773,0.5818061
419,4.258838,774,0.7554492
420,4.220894,,
421,4.145008,,
422,4.040979,,
423,3.999557,,
424,4.037501,,
425,4.034655
426,4.034655
427,4.078923
428,3.984064
429,3.93948
430,3.908177
431,3.854424
432,3.879403
433,3.888889
434,3.794347
435,3.888889
436,3.948966
437,3.908177
438,3.942958
439,4.046987
440,4.062797
441,4.034655
442,4.104218
443,4.094732
444,4.120028
445,4.173465
446,4.176627
447,4.300259
448,4.334725
449,4.309429
450,4.439069
451,4.496301
452,4.5529
453,4.6193
454,4.79637
455,4.878581
456,4.98008
457,5.125214
458,5.172643
459,5.235882
460,5.390818
461,5.479669
462,5.659584
463,5.685196
464,5.799026
465,5.979258
466,6.083286
467,6.200595
468,6.393474
469,6.570543
470,6.763422
471,6.864289
472,7.06033
473,7.148865
474,7.348384
475,7.493834
476,7.680074
477,7.920382
478,8.135712
479,8.280845
480,8.527477
481,8.723519
482,9.008095
483,9.245241
484,9.580725
485,9.808386
486,10.10877
487,10.38354
488,10.71903
489,10.96882
490,11.32897
491,11.5345
492,11.92342
493,12.24309
494,12.59091
495,12.88781
496,13.28654
497,13.60242
498,14.06122
499,14.40555
500,14.82641
501,15.19604
502,15.65452
503,16.07854
504,16.52723
505,16.97654
506,17.49162
507,17.86189
508,18.42155
509,18.81363
510,19.46784
511,19.87573
512,20.41675
513,21.00803
514,21.60216
515,22.14634
516,22.84797
517,23.37286
518,24.12888
519,24.56175
520,25.29217
521,25.92487
522,26.6205
523,27.15804
524,27.9324
525,28.58724
526,29.30184
527,30.02561
528,30.80661
529,31.52786
530,32.29305
531,32.99184
532,33.84557
533,34.54752
534,35.38544
535,36.11586
536,37.0012
537,37.77872
538,38.69601
539,39.43875
540,40.35256
541,41.14621
542,41.98729
543,42.84133
544,43.82787
545,44.67811
546,45.6871
547,46.57244
548,47.52703
549,48.45349
550,49.42769
551,50.31272
552,51.31854
553,52.24499
554,53.14931
555,54.03149
556,55.02435
557,55.89705
558,56.88358
559,57.79707
560,58.72036
561,59.61835
562,60.63366
563,61.53766
564,62.417
565,63.36211
566,64.34579
567,65.26592
568,66.19553
569,67.14064
570,68.02599
571,68.90849
572,69.90767
573,70.77373
574,71.69418
575,72.63612
576,73.55941
577,74.46057
578,75.38386
579,76.23759
580,77.13558
581,78.03706
582,78.92557
583,79.78847
584,80.65199
585,81.46114
586,82.3623
587,83.19421
588,84.01601
589,84.79068
590,85.6033
591,86.30874
592,87.07361
593,87.67754
594,88.37033
595,88.97427
596,89.54342
597,90.04585
598,90.47303
599,90.9663
600,91.41181
601,91.64263
602,92.00658
603,92.2529
604,92.54095
605,92.55012
606,92.72118
607,92.68925
608,92.71486
609,92.62601
610,92.69557
611,92.66079
612,92.73667
613,92.83469
614,93.01493
615,93.16386
616,93.41017
617,93.54646
618,93.75799
619,93.87846
620,94.07735
621,94.18169
622,94.39037
623,94.45678
624,94.63701
625,94.86499
626,95.11763
627,95.30134
628,95.55113
629,95.80377
630,95.97768
631,96.12029
632,96.23095
633,96.25594
634,96.33814
635,96.34794
636,96.44596
637,96.52185
638,96.7492
639,96.8918
640,97.22033
641,97.52103
642,97.87169
643,98.36495
644,98.82692
645,99.28192
646,99.64871
647,99.89851
648,100
649,99.66135
650,98.89016
651,97.40404
652,95.14324
653,91.78208
654,87.67754
655,82.53621
656,76.67078
657,70.26814
658,63.47942
659,56.82034
660,50.32252
661,44.13742
662,38.48732
663,33.48827
664,28.93158
665,25.09012
666,21.60216
667,18.84209
668,16.37545
669,14.32334
670,12.60324
671,11.13293
672,9.836527
673,8.780434
674,8.005755
675,7.133371
676,6.529121
677,5.890407
678,5.425915
679,5.005375
680,4.606653
681,4.198761
682,3.926832
683,3.639095
684,3.376968
685,3.215393
686,3.031999
687,2.845444
688,2.681338
689,2.55486
690,2.444191
691,2.35534
692,2.24815
693,2.194397
694,2.086574
695,2.029659
696,1.96642
697,1.922469
698,1.795674
699,1.808322
700,1.710618
701,1.694492
702,1.644217
703,1.634415
704,1.549358
705,1.549358
706,1.498451
707,1.495605
708,1.381775
709,1.409916
710,1.387782
711,1.362803
712,1.296402
713,1.327705
714,1.267628
715,1.264782
716,1.273952
717,1.289762
718,1.169923
719,1.192057
720,1.141466
721,1.154114
722,1.103522
723,1.075065
724,1.071587
725,1.071587
726,1.071587
727,1.062101
728,0.9925377
729,1.01151
730,0.9580725
731,0.996016
732,0.9707204
733,0.9802062
734,0.9166508
735,0.989692
736,0.9485866
737,0.9770442
738,0.9612345
739,0.9485866
740,0.9451084
741,0.9166508
742,0.8632138
743,0.8787074
744,0.8976791
745,0.8442421
746,0.8660595
747,0.9391007
748,0.904003
749,0.8347563
750,0.9134889
Data Copyright MP Inc.