wl,ex,wl,em,Data copyright Molecular Probes
362,10.4577133,522,0.7397252,
363,10.6366243,523,0.7745415,
364,10.8286858,524,0.8143378,
365,10.9369279,525,0.8549757,
366,11.0693532,526,0.9007124,
367,11.2914391,527,0.9786095,
368,11.5128698,528,1.0602901,
369,11.7722976,529,1.1517635,
370,12.0633895,530,1.2521394,
371,12.3699859,531,1.3489543,
372,12.6558368,532,1.466245,
373,12.9521696,533,1.5888772,
374,13.2024257,534,1.7210796,
375,13.4467857,535,1.8543948,
376,13.6907089,536,2.0017315,
377,13.9315748,537,2.1501811,
378,14.2720191,538,2.3175484,
379,14.6109348,539,2.4935957,
380,15.0040072,540,2.6680851,
381,15.4106186,541,2.8659436,
382,15.8792482,542,3.0758205,
383,16.3522452,543,3.2877005,
384,16.8230585,544,3.529849,
385,17.3838417,545,3.7731104,
386,17.8895947,546,4.0181522,
387,18.3977499,547,4.2865632,
388,18.9115827,548,4.5685505,
389,19.4227951,549,4.868788,
390,19.9043087,550,5.1848274,
391,20.3676973,551,5.4948577,
392,20.8345799,552,5.8322632,
393,21.2820272,553,6.2030531,
394,21.7443239,554,6.5820779,
395,22.1234203,555,6.9611027,
396,22.57458,556,7.3463592,
397,23.014821,557,7.7416311,
398,23.4952427,558,8.1638331,
399,24.0754612,559,8.6189744,
400,24.6696555,560,9.0812377,
401,25.2581721,561,9.5759952,
402,25.9392791,562,10.0636308,
403,26.6743243,563,10.5735226,
404,27.4379765,564,11.1328234,
405,28.2402807,565,11.684557,
406,29.1056949,566,12.2474188,
407,29.9746032,567,12.7964817,
408,30.9487674,568,13.3724747,
409,31.8842795,569,13.9949834,
410,32.8879242,570,14.6339618,
411,33.8911321,571,15.2696017,
412,34.9251306,572,15.9190405,
413,36.021584,573,16.5615798,
414,37.1492648,574,17.2323847,
415,38.2996565,575,17.9325679,
416,39.5105376,576,18.6558976,
417,40.7353946,577,19.3645381,
418,41.9602517,578,20.1003314,
419,43.1748451,579,20.8387954,
420,44.4182639,580,21.6104213,
421,45.5629778,581,22.4383556,
422,46.7994086,582,23.2471495,
423,47.9853952,583,24.0630654,
424,49.1384073,584,24.899012,
425,50.245561,585,25.7216049,
426,51.3546801,586,26.5793626,
427,52.4426169,587,27.4685018,
428,53.5709528,588,28.3507415,
429,54.6141231,589,29.2812773,
430,55.6647181,590,30.2155968,
431,56.7321278,591,31.1788494,
432,57.8526022,592,32.1178427,
433,58.974387,593,33.1142571,
434,60.1282726,594,34.0881928,
435,61.2922034,595,34.9748838,
436,62.4797186,596,35.9203314,
437,63.6408105,597,36.9080659,
438,64.9143648,598,37.9467674,
439,66.1588755,599,38.9514167,
440,67.3780548,600,39.9304713,
441,68.5478817,601,40.9620508,
442,69.8026558,602,41.9172911,
443,71.0607057,603,42.9268369,
444,72.3078368,604,43.9334893,
445,73.5178444,605,44.9991209,
446,74.7084168,606,46.0404931,
447,75.887197,607,47.1041216,
448,76.9377919,608,48.2736902,
449,77.9661128,609,49.3784929,
450,79.1136656,610,50.4668259,
451,80.1673178,611,51.5329026,
452,81.1831914,612,52.664858,
453,82.3508345,613,53.7407275,
454,83.4110379,614,54.7910022,
455,84.4046374,615,55.8655363,
456,85.3997655,616,56.954537,
457,86.3507821,617,58.0459859,
458,87.1854057,618,59.1721547,
459,87.9818139,619,60.2253228,
460,88.7655564,620,61.2297495,
461,89.542311,621,62.3225338,
462,90.2732071,622,63.4081961,
463,90.8348638,623,64.4433366,
464,91.372281,624,65.4815929,
465,91.9590506,625,66.5552368,
466,92.4628383,626,67.6346673,
467,92.8838624,627,68.7621714,
468,93.2422133,628,69.8422696,
469,93.6368143,629,70.9332734,
470,94.0622059,630,71.9141085,
471,94.6537797,631,72.8798093,
472,95.3095554,632,73.9334225,
473,95.9729741,633,74.9607733,
474,96.409066,634,75.9126752,
475,96.8289983,635,76.851891,
476,97.2128989,636,77.8565403,
477,97.6682076,637,78.814674,
478,97.9909637,638,79.6853404,
479,98.3995405,639,80.6025225,
480,98.9649095,640,81.4571644,
481,99.3824397,641,82.3171478,
482,99.7104367,642,83.151759,
483,99.905881,643,83.9992789,
484,100,644,84.8325547,
485,99.978381,645,85.5799213,
486,99.804119,646,86.4000659,
487,99.7403539,647,87.1443165,
488,99.6628313,648,87.8947989,
489,99.5147741,649,88.6110066,
490,99.179134,650,89.2956104,
491,98.8299547,651,90.0049186,
492,98.2434035,652,90.6049485,
493,97.653795,653,91.2448171,
494,97.0571986,654,91.8519689,
495,96.3352557,655,92.373434,
496,95.5923491,656,93.0333332,
497,94.6882827,657,93.5832864,
498,93.8158805,658,94.1434774,
499,92.8991486,659,94.6555949,
500,92.0942238,660,95.1663769,
501,91.165918,661,95.6789395,
502,90.3751875,662,96.1412029,
503,89.5748486,663,96.6054693,
504,88.823207,664,97.0125369,
505,87.9781015,665,97.4732423,
506,86.9860306,666,97.8144314,
507,86.0016029,667,98.178767,
508,85.06216,668,98.5183981,
509,84.1096148,669,98.7253817,
510,83.1125213,670,99.0091496,
511,82.083327,671,99.1782974,
512,81.2006612,672,99.3961866,
513,80.2629654,673,99.5798011,
514,79.3455782,674,99.6280972,
515,78.2133116,675,99.7306988,
516,77.0406459,676,99.8179435,
517,75.7762632,677,99.9614966,
518,74.5042375,678,99.9922103,
519,73.2409468,679,99.9741827,
520,71.9538533,680,100,
521,70.7482132,681,99.964835,
522,69.5248848,682,99.9116425,
523,68.3046136,683,99.7640832,
524,67.1201557,684,99.6211978,
525,65.8345908,685,99.4502694,
526,64.3913603,686,99.2875759,
527,62.9077306,687,99.1093029,
528,61.5103585,688,98.8664867,
529,60.1282726,689,98.5448832,
530,58.787896,690,98.1665261,
531,57.3758929,691,97.8273401,
532,55.9147557,692,97.4658978,
533,54.5621502,693,97.099114,
534,52.9702073,694,96.6513172,
535,51.3909301,695,96.2373501,
536,49.9422402,696,95.7537207,
537,48.3356663,697,95.2943507,
538,46.7817204,698,94.7236992,
539,45.3116299,699,94.0680286,
540,43.8052894,700,93.5274231,
541,42.3162005,701,92.9191584,
542,40.8692576,702,92.331147,
543,39.4271189,703,91.7001809,
544,38.0295285,704,91.0514098,
545,36.6441669,705,90.4516026,
546,35.2529093,706,89.7135837,
547,33.990492,707,89.0841755,
548,32.732879,708,88.3730868,
549,31.4477508,709,87.6711231,
550,30.1759435,710,87.0047695,
551,28.8801151,711,86.3442025,
552,27.6209735,712,85.707895,
553,26.5321631,713,85.0640202,
554,25.4357097,714,84.3987795,
555,24.4161238,715,83.7484504,
556,23.3336463,716,83.0186663,
557,22.4206267,717,82.3178155,
558,21.5325016,718,81.6425594,
559,20.6948208,719,80.9966816,
560,19.8224187,720,80.3203126,
561,18.9775315,721,79.6134526,
562,18.1597228,722,78.9831542,
563,17.4235856,723,78.3174683,
564,16.729813,724,77.5542998,
565,16.0766578,725,76.8458818,
566,15.3826668,726,76.0284079,
567,14.7087662,727,75.2158305,
568,14.0309348,728,74.4186098,
569,13.3897902,729,73.6547736,
570,12.7191651,730,72.8960564,
571,12.1040069,731,72.0763569,
572,11.4829527,732,71.246197,
573,10.9075385,733,70.4184852,
574,10.3714315,734,69.5994534,
575,9.801695,735,68.7298998,
576,9.2911377,736,67.8238458,
577,8.7585248,737,66.9738778,
578,8.2344283,738,66.0504639,
579,7.7629599,739,65.2514628,
580,7.3419358,740,64.4426689,
581,6.9027867,741,63.6060546,
582,6.4918077,742,62.7416199,
583,6.1349854,743,61.8351209,
584,5.7620034,744,60.9146003,
585,5.4150079,745,60.0207874,
586,5.1068829,746,59.0889161,
587,4.8249627,747,58.2062313,
588,4.5650982,748,57.3188727,
589,4.3109115,749,56.5114141,
590,4.1163407,750,55.6730194,
591,3.8960018,751,54.8737957,
592,3.6874551,752,53.9463757,
593,3.4887352,753,53.0723708,
594,3.282809,754,52.2017044,
595,3.1070183,755,51.3528491,
596,2.9192171,756,50.5424973,
597,2.741461,757,49.7521761,
598,2.5693827,758,48.939376,
599,2.4154294,759,48.1770978,
600,2.2494655,760,47.4315118,
601,2.1208435,761,46.683255,
602,1.9937502,762,45.8813606,
603,1.851589,763,45.1195275,
604,1.7306101,764,44.3434503,
605,1.6723225,765,43.6377031,
606,1.6083408,766,42.8841048,
607,1.5525701,767,42.1627781,
608,1.5131101,768,41.4679365,
609,1.4559781,769,40.7428262,
610,1.4263222,770,40.0511004,
,,771,39.3440178,
,,772,38.6157917,
,,773,37.8633063,
,,774,37.1295161,
,,775,36.4734004,
,,776,35.7640921,
,,777,35.1119826,
,,778,34.4438485,
,,779,33.8373643,
,,780,33.207511,
,,781,32.5440508,
,,782,31.9235452,
,,783,31.2981432,
,,784,30.7032323,
,,785,30.126349,
,,786,29.5699415,
,,787,29.0413544,
,,788,28.44266,
,,789,27.8911489,
,,790,27.3636746,
,,791,26.8179501,
,,792,26.2506371,
,,793,25.7500929,
,,794,25.2833783,
,,795,24.7481143,
,,796,24.2513537,
,,797,23.7830812,
,,798,23.3112477,
,,799,22.8320695,
,,800,22.3491079,
,,801,21.8612498,
,,802,21.4555174,
,,803,20.966324,
,,804,20.5423415,
,,805,20.1176913,
,,806,19.6592115,
,,807,19.2085215,
,,808,18.8139173,
,,809,18.4077398,
,,810,17.9988916,
,,811,17.6007264,
,,812,17.1932136,
,,813,16.8061766,
,,814,16.4547496,
,,815,16.0594777,
,,816,15.744106,
,,817,15.4082584,
,,818,15.0514899,
,,819,14.722987,
,,820,14.3996029,
,,821,14.0855666,
,,822,13.7276853,
,,823,13.3873865,
,,824,13.0688988,
,,825,12.8027135,
,,826,12.488232,
,,827,12.1721925,
,,828,11.8995529,
,,829,11.5881872,
,,830,11.269477,
,,831,11.0420177,
,,832,10.7925246,
,,833,10.4829394,
,,834,10.2443519,
,,835,10.0124413,
,,836,9.7796404,
,,837,9.5110069,
,,838,9.2118822,
,,839,9.0120206,
,,840,8.7878997,
,,841,8.5506475,
,,842,8.3251912,
,,843,8.1362353,
,,844,7.923465,
,,845,7.7760356,
,,846,7.7146403,
,,847,7.5778915,
,,848,7.4789078,
,,849,7.3591566,
,,850,7.3105902,
