wl,ex,wl,em,Data copyright Molecular Probes
352,7.2568266,522,0.6129687
353,7.1742886,523,0.6415045
354,7.1004045,524,0.6758744
355,7.1021163,525,0.7097975
356,7.0641442,526,0.743589
357,7.0037593,527,0.7965814
358,6.9865576,528,0.8705587
359,7.0127185,529,0.9371171
360,7.0739993,530,1.0115184
361,7.1827639,531,1.0994858
362,7.3411625,532,1.1929643
363,7.546328,533,1.2830513
364,7.737338,534,1.3941234
365,7.9441161,535,1.4969286
366,8.2059037,536,1.6217786
367,8.5348853,537,1.7483244
368,8.8224754,538,1.876142
369,9.0925055,539,2.0175256
370,9.3342245,540,2.1455552
371,9.5986998,541,2.2958416
372,9.8701634,542,2.4548187
373,10.0973685,543,2.6203669
374,10.3175855,544,2.7880347
375,10.5521371,545,2.9841065
376,10.7646492,546,3.2068865
377,11.0219572,547,3.4082575
378,11.290733,548,3.6653765
379,11.5722308,549,3.8851888
380,11.8460237,550,4.1334051
381,12.194178,551,4.3722947
382,12.663998,552,4.6491269
383,13.1323846,553,4.9435525
384,13.6183312,554,5.252816
385,14.1279301,555,5.5991742
386,14.6176396,556,5.9302705
387,15.1202503,557,6.2766287
388,15.6291324,558,6.601154
389,16.1148999,559,6.9631979
390,16.5488831,560,7.295778
391,17.0319628,561,7.6563381
392,17.4981992,562,8.0650153
393,17.9377372,563,8.4302387
394,18.3333751,564,8.8507862
395,18.7136033,565,9.289987
396,19.1323559,566,9.7330032
397,19.5751192,567,10.1732639
398,19.9962013,568,10.6088612
399,20.5378741,569,11.1194957
400,21.0980028,570,11.5879483
401,21.6937891,571,12.1115129
402,22.3327587,572,12.6011624
403,23.0403558,573,13.1772955
404,23.7624667,574,13.7282042
405,24.5329573,575,14.3145119
406,25.3665206,576,14.9728891
407,26.2163896,577,15.5801817
408,27.1218056,578,16.1821751
409,28.0598331,579,16.8172357
410,29.1062668,580,17.488543
411,30.2172067,581,18.1392894
412,31.3114825,582,18.7830407
413,32.3677713,583,19.4770289
414,33.4738732,584,20.1665656
415,34.689994,585,20.9309276
416,35.9016352,586,21.7504017
417,37.1211605,587,22.5673321
418,38.4526757,588,23.2655596
419,39.7173554,589,24.0729514
420,41.0304147,590,24.9524128
421,42.2642747,591,25.7500541
422,43.5708833,592,26.5877575
423,44.7762531,593,27.4545007
424,45.9644213,594,28.3570669
425,47.1966686,595,29.1778127
426,48.4301703,596,30.0227231
427,49.6864283,597,30.8820475
428,50.8642037,598,31.7492147
429,52.0740531,599,32.6291
430,53.3075547,600,33.5132248
431,54.427633,601,34.5043941
432,55.5851607,602,35.4518978
433,56.8371183,603,36.3402619
434,58.1270628,604,37.3500846
435,59.3827833,605,38.285294
436,60.6300821,606,39.2840942
437,62.0327333,607,40.3526324
438,63.3422089,608,41.4268938
439,64.7142197,609,42.5244719
440,65.9692234,610,43.6739824
441,67.3851342,611,44.795937
442,68.7293714,612,45.865959
443,70.154779,613,46.942976
444,71.4873693,614,48.033347
445,72.8708479,615,49.0425338
446,74.1991378,616,50.1678798
447,75.561831,617,51.2680015
448,76.8598388,618,52.3342081
449,78.1277437,619,53.4040181
450,79.2899302,620,54.4642895
451,80.4963751,621,55.5764934
452,81.6587408,622,56.7037472
453,82.948327,623,57.8418114
454,84.0949244,624,58.8863971
455,85.2531689,625,59.9473044
456,86.3293471,626,61.0482739
457,87.5673283,627,62.1460639
458,88.5290081,628,63.2033678
459,89.2475353,629,64.3102725
460,90.1151435,630,65.3393844
461,90.8892178,631,66.5709271
462,91.6815688,632,67.6038545
463,92.1682321,633,68.6692131
464,92.7878499,634,69.6923899
465,93.5133653,635,70.761352
466,94.0043291,636,71.7008008
467,94.5689374,637,72.7396633
468,95.0676061,638,73.8094733
469,95.3974835,639,74.8012786
470,95.6951079,640,75.7489942
471,96.3392739,641,76.6892909
472,97.0024333,642,77.5768072
473,97.4844379,643,78.4999343
474,97.9137624,644,79.3467524
475,98.2608415,645,80.2904406
476,98.7251069,646,81.121361
477,99.087775,647,81.9936155
478,99.2649878,648,82.8325907
479,99.5326885,649,83.6897954
480,99.7708238,650,84.5018505
481,99.8613117,651,85.2808384
482,100,652,86.0098015
483,99.9595044,653,86.8487767
484,99.7923259,654,87.7189115
485,99.5663751,655,88.5017148
486,99.0893876,656,89.2143563
487,98.7068301,657,89.9411997
488,98.3565257,658,90.5686293
489,97.915375,659,91.1860965
490,97.2436148,660,91.8902592
491,96.4297617,661,92.6143469
492,95.6408152,662,93.2850184
493,94.7162265,663,93.9294057
494,93.8333877,664,94.4260502
495,92.8453679,665,94.9860736
496,91.7838828,666,95.4897131
497,90.4892794,667,95.8981783
498,89.271546,668,96.2532272
499,88.2118526,669,96.7602583
500,87.0634633,670,97.0820279
501,85.8018298,671,97.5343709
502,84.5276534,672,97.9564021
503,83.3651086,673,98.1959276
504,82.2387589,674,98.2966131
505,80.9090355,675,98.5117622
506,79.501188,676,98.7803275
507,78.123085,677,99.1370722
508,76.8773988,678,99.3125829
509,75.6618156,679,99.4259866
510,74.3645245,680,99.6275696
511,73.0511068,681,99.7823073
512,71.6491723,682,99.8418707
513,70.3033224,683,99.9440401
514,69.0529775,684,99.9773193
515,67.8350649,685,99.8796013
516,66.2908584,686,100
517,64.8097247,687,99.9900374
518,63.5131503,688,99.8696388
519,62.1273424,689,99.6284175
520,60.7710998,690,99.3409868
521,59.3241902,691,99.1616607
522,57.8654544,692,98.8239933
523,56.4776755,693,98.4943807
524,55.1031561,694,98.1622245
525,53.8037148,695,97.8413027
526,52.2828023,696,97.5661663
527,50.6699684,697,97.1112798
528,49.1537147,698,96.6807697
529,47.8732668,699,96.2087136
530,46.6019574,700,95.7133409
531,45.1407131,701,95.2728683
532,43.7219353,702,94.9017097
533,42.27628,703,94.4222347
534,40.8118104,704,93.8446179
535,39.3652591,705,93.5398057
536,38.0593672,706,93.0914903
537,36.7196095,707,92.5747086
538,35.4190931,708,91.9979396
539,34.1712567,709,91.1994506
540,32.9528066,710,90.6440905
541,31.67648,711,89.9685437
542,30.4146673,712,89.2713761
543,29.1026831,713,88.7914771
544,27.8835162,714,88.1362794
545,26.7847608,715,87.4297851
546,25.6774046,716,86.6673308
547,24.6576693,717,86.0445645
548,23.5788033,718,85.1460258
549,22.4872152,719,84.3912024
550,21.5257147,720,83.7639847
551,20.3995442,721,83.0825028
552,19.4353558,722,82.6070552
553,18.4625667,723,81.9825931
554,17.5861785,724,81.3797518
555,16.7789552,725,80.5869859
556,16.0367757,726,79.66937
557,15.3745122,727,78.8507438
558,14.6364539,728,78.1328031
559,14.0426386,729,77.4360594
560,13.3594106,730,76.646897
561,12.8091369,731,75.9764375
562,12.3038385,732,75.1662901
563,11.647488,733,74.2342602
564,11.1946904,734,73.3177041
565,10.7406385,735,72.4125944
566,10.2846156,736,71.3879338
567,9.817125,737,70.5419636
568,9.3143351,738,69.7396591
569,8.8683465,739,68.8873297
570,8.3920758,740,68.0956237
571,7.9485957,741,67.1453644
572,7.475192,742,66.2862521
573,7.1098361,743,65.3961922
574,6.691621,744,64.4571673
575,6.3128263,745,63.5225938
576,5.9825905,746,62.694429
577,5.5935824,747,61.8181471
578,5.2334228,748,60.8013295
579,4.9327523,749,60.0384513
580,4.6462373,750,59.1795509
581,4.3935881,751,58.296274
582,4.1074315,752,57.441613
583,3.8400892,753,56.5028001
584,3.6207681,754,55.7007075
585,3.386754,755,54.7786403
586,3.1439599,756,53.9212236
587,2.9724809,757,53.1924725
588,2.7545934,758,52.3473502
589,2.6219973,759,51.4876019
590,2.5155621,760,50.7541874
591,2.3743652,761,49.9970324
592,2.2476823,762,49.1154513
593,2.1199242,763,48.3023363
594,2.0025587,764,47.5339469
595,1.8932566,765,46.7352459
596,1.78933,766,45.9660086
597,1.684149,767,45.163916
598,1.5875689,768,44.4731074
599,1.5031733,769,43.6913639
600,1.4280953,770,42.8405184
601,1.3567801,771,42.252303
602,1.2618127,772,41.49536
603,1.1553775,773,40.6741902
604,1.0781492,774,39.9276336
605,1.0127471,775,39.2514509
606,0.9353397,776,38.5962532
607,0.8604409,777,37.8997215
608,0.8129571,778,37.2720798
609,0.752393,779,36.6211215
610,0.7022215,780,35.8569715
611,0.6645929,781,35.1530208
612,0.5991908,782,34.5014266
613,0.5542157,783,33.89371
614,0.5070903,784,33.1817045
615,0.487619,785,32.6201973
616,0.4722309,786,32.0898496
617,0.4532993,787,31.5179559
618,0.4174785,788,30.8672096
619,0.3925022,789,30.2177351
620,0.3663798,790,29.5207794
,,791,28.9582123
,,792,28.3318425
,,793,27.8540633
,,794,27.3093016
,,795,26.7806497
,,796,26.257933
,,797,25.6885829
,,798,25.1643823
,,799,24.617713
,,800,24.0460313
,,801,23.5771548
,,802,23.0932284
,,803,22.6851871
,,804,22.1310989
,,805,21.6991051
,,806,21.1276353
,,807,20.6165769
,,808,20.1635981
,,809,19.6372778
,,810,19.2432265
,,811,18.7754098
,,812,18.3510469
,,813,18.0487784
,,814,17.676772
,,815,17.3170597
,,816,16.9450533
,,817,16.6661014
,,818,16.3460275
,,819,16.0467266
,,820,15.7041839
,,821,15.4159053
,,822,15.1564547
,,823,14.8022537
,,824,14.5536134
,,825,14.2863199
,,826,13.9639143
,,827,13.7165459
,,828,13.5119954
,,829,13.3053251
,,830,13.0810614
,,831,12.7840921
,,832,12.5882323
,,833,12.416325
,,834,12.2066872
,,835,11.9938698
,,836,11.7679104
,,837,11.5449185
,,838,11.3496946
,,839,11.1544706
,,840,10.9045586
,,841,10.7108185
,,842,10.5257691
,,843,10.3193108
,,844,10.1418924
,,845,10.0372854
,,846,9.9602538
,,847,9.8603757
,,848,9.7557546
,,849,9.7527694
,,850,9.6977557
