wl,abs,wl,em,Data copyright Molecular Probes
500,0.502812608,600,1.025649913
501,0.584519657,601,1.029116118
502,0.694509915,602,1.032582322
503,0.719650545,603,1.036048527
504,0.791929858,604,1.039514731
505,0.905062694,605,1.042980936
506,0.958486534,606,1.04644714
507,1.033908425,607,1.049913345
508,1.112472895,608,1.053379549
509,1.235033468,609,1.069168111
510,1.263316678,610,1.086308492
511,1.376449514,611,1.127209705
512,1.417303039,612,1.160138648
513,1.527293297,613,1.235701906
514,1.618428082,614,1.31542461
515,1.696992552,615,1.388908146
516,1.784984758,616,1.472790295
517,1.838408598,617,1.511265165
518,1.932685962,618,1.627729636
519,2.036391063,619,1.687694974
520,2.070959429,620,1.791334489
521,2.180949687,621,1.949740035
522,2.253229,622,2.106412478
523,2.33179347,623,2.242980936
524,2.429213413,624,2.402079723
525,2.501492725,625,2.62322357
526,2.636623613,626,2.905372617
527,2.733729298,627,3.167417678
528,2.834606078,628,3.490467938
529,2.972879545,629,3.86135182
530,3.1425788,630,4.318890815
531,3.246283901,631,4.842287695
532,3.447408944,632,5.601386482
533,3.551114044,633,6.3847487
534,3.714528142,634,7.272097054
535,3.881084818,635,8.360485269
536,4.113635649,636,9.736568458
537,4.317903271,637,11.05025997
538,4.559881839,638,12.55112652
539,4.757864303,639,14.11785095
540,4.974702241,640,15.93760832
541,5.23867886,641,17.98960139
542,5.521510952,642,20.14211438
543,5.747776625,643,22.54766031
544,6.008610666,644,25.17504333
545,6.2851576,645,27.84055459
546,6.57427485,646,30.9220104
547,6.847679206,647,34.18717504
548,7.127368719,648,37.67764298
549,7.381917602,649,40.90121317
550,7.639609063,650,44.26343154
551,7.900443104,651,48.14558059
552,8.117281041,652,52.51299827
553,8.387542818,653,57.01906412
554,8.579240124,654,61.17850953
555,8.79922064,655,65.44194107
556,8.981490211,656,69.18544194
557,9.182615254,657,72.9982669
558,9.336601615,658,76.8457539
559,9.531441501,659,80.48526863
560,9.892838063,660,84.09012132
561,9.908550957,661,87.55632582
562,10.08139279,662,90.1559792
563,10.31080104,663,92.40901213
564,10.52763898,664,94.66204506
565,10.76333239,665,96.56845754
566,11.02730901,666,97.9202773
567,11.31956884,667,98.82149047
568,11.56468998,668,99.72270364
569,11.93865686,669,99.89601386
570,12.32205148,670,100
571,12.73058672,671,99.58405546
572,13.18626065,672,98.89081456
573,13.68907325,673,97.5389948
574,14.25159486,674,95.73656846
575,14.85496999,675,93.96880416
576,15.49291348,676,92.13171577
577,16.13714214,677,89.87868284
578,16.90078879,678,87.62564991
579,17.63615223,679,85.16464471
580,18.39351372,680,82.25303293
581,19.27343578,681,78.96013865
582,20.21306684,682,76.04852686
583,21.08670375,683,72.85961872
584,22.06090318,684,69.63604853
585,23.0508155,685,66.51646447
586,24.10012256,686,63.88214905
587,25.04321046,687,61.52512998
588,26.09911694,688,59.13344887
589,27.10442789,689,56.49913345
590,28.0318029,690,54.21143847
591,29.07513906,691,52.02772964
592,30.02105528,692,49.98266898
593,30.91983281,693,47.66031196
594,31.76518651,694,45.68457539
595,32.60111247,695,44.33275563
596,33.36161654,696,42.80762565
597,34.08126709,697,41.00519931
598,34.70349769,698,39.51473137
599,35.23773609,699,38.09358752
600,35.77197448,700,36.49913345
601,36.20250778,701,35.28596187
602,36.59533013,702,34.04852686
603,36.95358411,703,32.91507799
604,37.19870526,704,31.92720971
605,37.39040256,705,31.14384749
606,37.62609597,706,29.89601386
607,37.79579523,707,29.09878683
608,37.92464096,708,28.37781629
609,38.08805506,709,27.72963605
610,38.2891801,710,27.09878683
611,38.47773483,711,26.65511265
612,38.71028566,712,26.07279029
613,38.98997517,713,25.55632582
614,39.36708463,714,25.32755633
615,39.80390308,715,25.00519931
616,40.35385437,716,24.51646447
617,41.00122561,717,24.17677643
618,41.76487225,718,23.59098787
619,42.65107948,719,23.06412478
620,43.65670469,720,23.13691508
621,44.87916785,721,22.77989601
622,46.16448257,722,22.35701906
623,47.60064109,723,22.24610052
624,49.1845008,724,22.06585789
625,50.88463593,725,21.53206239
626,52.87703089,726,21.19237435
627,54.83485748,727,20.65511265
628,57.09751422,728,20.53032929
629,59.45444832,729,20.23916811
630,61.94965589,730,20.04852686
631,64.50142987,731,19.70883882
632,67.21347538,732,19.25476603
633,69.95380409,733,18.98440208
634,72.78212501,734,18.59272097
635,75.66072719,735,18.09705373
636,78.53932937,736,17.67764298
637,81.35507998,737,17.08492201
638,84.1394048,738,16.77642981
639,86.83259483,739,16.34315425
640,89.37808366,740,15.9237435
641,91.75073065,741,15.80935875
642,93.83111782,742,15.5389948
643,95.72923541,743,15.11958406
644,97.31938028,744,14.79376083
645,98.52298796,745,14.36048527
646,99.4217655,746,13.85788562
647,99.90572264,747,13.52166378
648,100,748,13.4592721
649,99.68259954,749,13.15771231
650,98.86867163,750,12.82149047
651,97.73420069,751,12.44367418
652,96.14091323,752,12.10398614
653,94.16108859,753,11.75389948
654,91.85757833,754,11.41767764
655,89.2083844,755,11.1507799
656,86.24493259,756,10.81109185
657,83.06150027,757,10.40207972
658,79.60780617,758,10.01039861
659,75.9121335,759,9.705372617
660,72.19446278,760,9.344887348
661,68.31652054,761,9.199306759
662,64.45114861,762,9.025996534
663,60.46635869,763,8.63084922
664,56.56956098,764,8.263431542
665,52.58791364,765,7.913344887
666,48.74139719,766,7.788561525
667,45.0928632,767,7.570190641
668,41.46632727,768,7.351819757
669,37.9780648,769,7.164644714
670,34.6720719,770,6.922010399
671,31.59862984,771,6.603119584
672,28.71059992,772,6.415944541
673,26.06454857,773,6.311958406
674,23.50648943,774,6.142114385
675,21.1684108,775,6.045060659
676,19.0188869,776,5.889081456
677,17.00135131,777,5.504332756
678,15.18494076,778,5.376083189
679,13.49109079,779,5.358752166
680,12.0517897,780,5.254766031
681,10.74447692,781,5.088388215
682,9.531441501,782,4.942807626
683,8.51324597,783,4.811091854
684,7.59561296,784,4.703639515
685,6.662267056,785,4.589254766
686,5.974042299,786,4.49220104
687,5.257534333,787,4.381282496
688,4.710725621,788,4.360485269
689,4.192200119,789,4.051993068
690,3.752239087,790,4.006932409
691,3.337418686,791,3.968804159
692,2.972879545,792,3.715771231
693,2.658621665,793,3.636048527
694,2.366361837,794,3.566724437
695,2.108670375,795,3.47660312
696,1.942113699,796,3.420103986
697,1.681279658,797,3.37712305
698,1.524150718,798,3.187868284
699,1.398447566,799,3.099480069
700,1.253888941,800,3.011091854
