wl,abs,wl,em,"Data copyright Molecular Probes, Inc."
450,-0.014782125,720,2.454332553,
451,0.015545382,721,2.319672131,
452,0.000381629,722,2.576112412,
453,0.012765343,723,2.803278689,
454,-0.022363952,724,3.1264637,
455,0.023127309,725,3.412177986,
456,-0.019836643,726,3.716627635,
457,0.045620159,727,4.283372365,
458,0.015545382,728,4.620608899,
459,0.033236445,729,5.194379391,
460,0.023127309,730,5.796252927,
461,-0.025143992,731,6.44028103,
462,-0.047889672,732,7.117096019,
463,-0.057998908,733,7.723653396,
464,-0.07543714,734,8.459016393,
465,-0.07821718,735,9.470725995
466,-0.057998908,736,10.34192037
467,-0.073162562,737,11.49648712
468,-0.070635253,738,12.4941452
469,-0.025143992,739,13.53395785
470,-0.022363952,740,14.50819672
471,-0.029945879,741,16.10538642
472,0.030456405,742,17.19672131
473,-0.012254816,743,19.15925059
474,-0.022363952,744,20.55269321
475,-0.032725919,745,23.09836066
476,-0.040307746,746,25.22248244
477,-0.017562165,747,27.5175644
478,-0.007200298,748,29.92974239
479,-0.047889672,749,32.4824356
480,-0.055471599,750,34.89461358
481,-0.025143992,751,37.18969555
482,0.015545382,752,40.0234192
483,-0.029945879,753,43.04449649
484,0.010490765,754,46.06557377
485,0.02034717,755,47.58782201
486,-0.012254816,756,51.33489461
487,0.050674677,757,54.47306792
488,0.048400199,758,56.90866511
489,0.033236445,759,59.69555035
490,0.088584012,760,62.78688525
491,0.081002185,761,66.01873536
492,0.065838431,762,67.40046838
493,0.04309285,763,71.33489461
494,0.060783913,764,74.21545667
495,0.073420357,765,76.06557377
496,0.086309533,766,78.26697892
497,0.111582423,767,80.39812646
498,0.116637041,768,82.17798595
499,0.146964548,769,85.12880562
500,0.169457398,770,87.42388759
501,0.199784906,771,88.54800937
502,0.197257597,772,91.35831382
503,0.23769424,773,93.25526932
504,0.217728699,774,95.0117096
505,0.248056207,775,94.89461358
506,0.257912612,776,96.11241218
507,0.278383714,777,97.61124122
508,0.308458491,778,98.68852459
509,0.326149454,779,99.46135831
510,0.333984111,780,99.03981265
511,0.361531579,781,98.96955504
512,0.422439325,782,100
513,0.371893446,783,99.71896956
514,0.422439325,784,98.96955504
515,0.457821351,785,98.03278689
516,0.530860079,786,96.60421546
517,0.518476365,787,94.94145199
518,0.571296822,788,93.39578454
519,0.637006356,789,91.73302108
520,0.642313664,790,88.92271663
521,0.637006356,791,86.2763466
522,0.675168461,792,85.24590164
523,0.680223039,793,84.09836066
524,0.717879682,794,81.75644028
525,0.695134062,795,79.48477752
526,0.778534687,796,77.470726
527,0.783336534,797,74.87119438
528,0.879626316,798,72.66978923
529,0.859408044,799,69.95316159
530,0.957972393,800,68.43091335
531,1.021154717,801,65.36299766
532,1.000936346,802,63.37236534
533,1.091666137,803,61.28805621
534,1.091666137,804,57.37704918
535,1.152573883,805,57.44730679
536,1.147519265,806,54.00468384
537,1.261247368,807,52.27166276
538,1.301684111,808,50.14051522
539,1.3547572,809,48.50117096
540,1.440685104,810,46.11241218
541,1.458123337,811,44.00468384
542,1.493758193,812,41.03044496
543,1.597124429,813,39.3442623
544,1.604706256,814,38.57142857
545,1.743707051,815,37.28337237
546,1.78919861,816,36.01873536
547,1.852381331,817,34.61358314
548,1.895344588,818,32.74004684
549,2.019181728,819,32.88056206
550,2.029544191,820,31.80327869
551,2.097528302,821,30.46838407
552,2.138217478,822,28.89929742
553,2.191037736,823,27.70491803
554,2.277218471,824,26.83840749
555,2.320182721,825,26.37002342
556,2.428856008,826,24.54332553
557,2.544858987,827,23.84074941
558,2.608040715,828,22.84777518
559,2.709133069,829,21.93911007
560,2.764986097,830,21.35128806
561,2.863550149,831,20.3676815
562,2.977278054,832,19.8501171
563,3.05057001,833,18.5058548
564,3.148880834,834,18.19672131
565,3.224953327,835,16.91100703
566,3.323517378,836,16.52693208
567,3.411972195,837,15.70257611
568,3.50800993,838,15.08899297
569,3.636901688,839,14.82435597
570,3.758211519,840,14.55503513
571,3.843886792,841,14.18501171
572,3.960142006,842,13.11007026
573,4.078924528,843,12.05386417
574,4.228287984,844,13.11943794
575,4.362234359,845,11.44964871
576,4.49087289,846,11.63934426
577,4.652619662,847,10.12177986
578,4.789346574,848,10.90398126
579,4.946038729,849,10.01405152
580,5.097423039,850,9.355971897
581,5.320077458,851,10.20843091
582,5.474242304,852,9.800936768
583,5.641043694,853,9.803278689
584,5.863192651,854,8.737704918
585,6.058046673,855,9.451990632
586,6.267812314,856,8.871194379
587,6.419196624,857,7.880562061
588,6.641851043,858,7.117096019
589,6.828617676,859,6.644028103
590,7.031053625,860,6.737704918
591,7.238291956,861,6.782201405
592,7.4202572,862,6.585480094
593,7.657822244,863,6.81264637
594,7.826897716,864,7.540983607
595,8.097318769,865,6.388758782
596,8.299754717,866,6.199063232
597,8.478939424,867,5.857142857
598,8.729141013,868,6.370023419
599,8.883559086,869,5.407494145
600,9.07032572,870,5.323185012
601,9.19416286,871,5.709601874
602,9.452199603,872,5.805620609
603,9.636438928,873,4.927400468
604,9.800712016,874,5.234192037
605,9.990259186,875,4.702576112
606,10.17500397,876,4.716627635
607,10.37693545,877,4.742388759
608,10.57659086,878,4.421545667
609,10.71812314,879,4.836065574
610,10.92536246,880,4.866510539
611,11.17834161,881,4.508196721
612,11.38026812,882,4.861826698
613,11.54227408,883,4.477751756
614,11.8301291,884,4.604215457
615,12.02750745,885,5.070257611
616,12.23702085,886,5.62529274
617,12.49480636,887,4.957845433
618,12.72504469,888,5.142857143
619,12.98029791,889,4.573770492
620,13.27598808,890,4.192037471
621,13.55626614,891,4.461358314
622,13.86737835,892,4.351288056
623,14.21842105,893,4.526932084
624,14.56996028,894,5.086651054
625,14.91089374,895,4.709601874
626,15.25966236,896,4.864168618
627,15.63622642,897,4.728337237
628,16.09139027,898,4.365339578
629,16.50562066,899,4.06557377
630,16.87965243,900,4.571428571
631,17.36489573,,
632,17.82764647,,
633,18.2620854,,
634,18.76248262,,
635,19.21739821,,
636,19.77870904,,
637,20.24095333,,
638,20.79468719,,
639,21.24959285,,
640,21.74747766,,
641,22.20718967
642,22.69495531
643,23.10943396
644,23.59998014
645,23.9689573
646,24.34047666
647,24.72714995
648,25.03800397
649,25.33875869
650,25.62913605
651,25.80352532
652,26.09441907
653,26.34689176
654,26.54402185
655,26.73634558
656,26.91073486
657,27.03709037
658,27.17331678
659,27.30220457
660,27.47152929
661,27.61053625
662,27.73942403
663,27.91633565
664,28.12862959
665,28.30048659
666,28.50013903
667,28.74554121
668,28.96036743
669,29.20297915
670,29.48603774
671,29.77415094
672,30.03673287
673,30.31979146
674,30.69383317
675,30.95945382
676,31.22734856
677,31.51292949
678,31.86927507
679,32.00802383
680,32.33682224
681,32.58425025
682,32.86983118
683,33.07479643
684,33.30729891
685,33.54461768
686,33.68614697
687,33.91133069
688,34.02
689,34.17644489
690,34.29016882
691,34.43675273
692,34.535571
693,34.65915591
694,34.72233366
695,34.82367428
696,34.91440914
697,35.10421053
698,35.1547567
699,35.30386296
700,35.44539225
701,35.73097319
702,35.89247269
703,36.18083416
704,36.4560576
705,36.90844091
706,37.2471003
707,37.7424429
708,38.26838133
709,38.89767627
710,39.4890566
711,40.22425025
712,40.98748759
713,41.91273088
714,42.84252234
715,43.89640516
716,45.01093347
717,46.17601787
718,47.44749752
719,48.79934459
720,50.28792453
721,51.85484608
722,53.36616683
723,55.1276862
724,56.87151936
725,58.80995035
726,60.69783515
727,62.81595829
728,64.78952334
729,67.00848064
730,69.0833863
731,71.3834856
732,73.61988083
733,75.81886792
734,78.04010924
735,80.261857
736,82.43532274
737,84.53297915
738,86.57730884
739,88.49830189
740,90.32527309
741,92.06430983
742,93.69668322
743,95.1574578
744,96.40114201
745,97.51061569
746,98.45329692
747,99.19354518
748,99.64340616
749,99.96714995
750,100
751,99.85315789
752,99.39597815
753,98.76138034
754,97.8669712
755,96.72968222
756,95.3599007
757,93.79550149
758,91.95031778
759,89.93858987
760,87.72241311
761,85.28332671
762,82.72065541
763,80.08216485
764,77.21873883
765,74.41118173
766,71.53764647
767,68.580715
768,65.6869712
769,62.78563059
770,59.95228401
771,57.09392254
772,54.29393247
773,51.47828203
774,48.77660377
775,46.11308838
776,43.52741807
777,41.15201589
778,38.84434955
779,36.52960278
780,34.32301887
781,32.24811321
782,30.07970209
783,28.1412711
784,26.22077458
785,24.41376365
786,22.68762661
787,21.12322741
788,19.59169811
789,18.1005859
790,16.74090367
791,15.47195631
792,14.2891857
793,13.15973188
794,12.19684211
795,11.24632572
796,10.30895134
797,9.520183714
798,8.762249255
799,8.147863952
800,7.609551142
801,6.871581927
802,6.325939424
803,5.794955313
804,5.297079444
805,4.860110228
806,4.442855015
807,4.028631579
808,3.679865938
809,3.328571996
810,3.035153923
811,2.752096326
812,2.48951142
813,2.279493545
814,2.019181728
815,1.827360477
816,1.640341112
817,1.438157795
818,1.321902383
819,1.170012115
820,1.021154717
821,0.912228401
822,0.801027607
823,0.730516147
824,0.622095343
825,0.515949057
826,0.462623237
827,0.417384707
828,0.323622244
829,0.283438332
830,0.252857994
831,0.255638034
832,0.194983118
833,0.192203078
834,0.18967577
835,0.164655611
836,0.157073684
837,0.174512016
838,0.179819364
839,0.194983118
840,0.202564945
841,0.225310526
842,0.242748858
843,0.300876564
844,0.280658292
845,0.379475372
846,0.412077358
847,0.437603078
848,0.515949057
849,0.55360576
850,0.586713208
