wl,abs,wl,em,Data copyright Molecular Probes
300,21.25632503,520,0.134421102
301,21.2753795,521,0.132097572
302,21.39182351,522,0.12681805
303,21.47015858,523,0.124864578
304,21.65223467,524,0.128326335
305,21.80467046,525,0.129521069
306,21.98251223,526,0.121439025
307,22.20269727,527,0.13187043
308,22.44193678,528,0.128686176
309,22.69599644,529,0.130376395
310,23.01145386,530,0.132356375
311,23.28456799,531,0.134269257
312,23.65083734,532,0.135418275
313,24.07003578,533,0.141733582
314,24.44689094,534,0.137721374
315,24.90208117,535,0.145271665
316,25.403849,536,0.147204064
317,25.88021087,537,0.153884097
318,26.4052675,538,0.155333795
319,26.94090996,539,0.164924276
320,27.43844346,540,0.172754421
321,27.90633667,541,0.17956152
322,28.34035526,542,0.184432833
323,28.76590519,543,0.194874311
324,29.24226706,544,0.205787696
325,29.63605953,545,0.210083932
326,30.00656321,546,0.227937947
327,30.3876527,547,0.235401519
328,31.05244215,548,0.244821044
329,31.42718015,549,0.265323778
330,31.88448754,550,0.266876082
331,32.15336735,551,0.284856981
332,32.55986281,552,0.294986767
333,32.93883514,553,0.315318401
334,33.28816717,554,0.329391528
335,33.56339847,555,0.363925158
336,33.96777677,556,0.370365481
337,34.28535134,557,0.397414637
338,34.5923401,558,0.413803945
339,34.80405649,559,0.446975864
340,34.97554676,560,0.453238375
341,35.14703703,561,0.493379575
342,35.24019224,562,0.534893644
343,35.31641014,563,0.556604395
344,35.22537209,564,0.576199172
345,35.26983253,565,0.626080047
346,35.13221688,566,0.65504371
347,35.00518705,567,0.695467
348,34.83157962,568,0.746391469
349,34.56269981,569,0.777183851
350,34.42508416,570,0.832378758
351,34.13926704,571,0.891987724
352,33.86403574,572,0.973856581
353,33.50835221,573,1.038040346
354,33.28816717,574,1.106140372
355,32.93036648,575,1.179898368
356,32.6424322,576,1.26859466
357,32.35026359,577,1.340028363
358,32.04750916,578,1.449327781
359,31.76169204,579,1.552816683
360,31.40177418,580,1.683075489
361,31.07573095,581,1.816142806
362,30.71793026,582,1.891358657
363,30.25003705,583,2.006778925
364,29.82025279,584,2.12216796
365,29.15546334,585,2.246703256
366,28.64946118,586,2.386145254
367,28.07570978,587,2.538018561
368,27.46384943,588,2.681069726
369,26.82446595,589,2.86174381
370,26.17873097,590,3.003494295
371,25.7087206,591,3.206515671
372,25.13708636,592,3.422067852
373,24.64167002,593,3.60904096
374,24.18859696,594,3.80476069
375,23.77363284,595,4.049948021
376,23.43488663,596,4.327940924
377,23.10884339,597,4.597401496
378,22.93523596,598,4.794641885
379,22.76586285,599,5.059385413
380,22.73198823,600,5.297907269
381,22.6049584,601,5.65042388
382,22.70234793,602,5.907336989
383,22.67270764,603,6.225711444
384,22.65788749,604,6.540277148
385,22.6811763,605,6.920262305
386,22.66635615,606,7.275842918
387,22.68541062,607,7.726302927
388,22.65365317,608,8.090422897
389,22.57743527,609,8.39690943
390,22.52027184,610,8.784133054
391,22.43981962,611,9.106053008
392,22.36995321,612,9.486036775
393,22.28103233,613,9.992373348
394,22.24504054,614,10.53105792
395,22.14976817,615,11.01497972
396,22.1307137,616,11.54549318
397,22.12647937,617,12.1253973
398,22.16458832,618,12.69966791
399,22.24292338,619,13.19512842
400,22.37207037,620,13.80965724
401,22.46099126,621,14.51174825
402,22.65577033,622,14.92519077
403,22.87595537,623,15.65815512
404,23.12366354,624,16.25678766
405,23.39889484,625,16.97474625
406,23.79480448,626,17.6803748
407,24.12931637,627,18.50704464
408,24.57603794,628,19.21633692
409,25.03969682,629,19.80032174
410,25.52664451,630,20.55864013
411,26.00935786,631,21.41964201
412,26.59369509,632,22.03853517
413,27.12722038,633,22.73055042
414,27.74119789,634,23.45536585
415,28.29589482,635,24.21370137
416,28.94374696,636,25.07097097
417,29.55772447,637,25.96133191
418,30.24791989,638,26.84482457
419,30.85342875,639,27.77921838
420,31.54362416,640,28.74593398
421,32.21688226,641,29.55187644
422,32.90496051,642,30.60171216
423,33.6142104,643,31.54394943
424,34.32557746,644,32.36242585
425,35.00730422,645,33.4393304
426,35.73560858,646,34.0897806
427,36.49143607,647,35.09627101
428,37.26208371,648,35.92519118
429,38.00944255,649,36.9395729
430,38.8266678,650,37.91264265
431,39.66083035,651,38.90028685
432,40.46746978,652,40.02387808
433,41.32068681,653,41.60195443
434,42.18448966,654,42.0673752
435,43.06522982,655,43.52783973
436,44.01795355,656,44.64621581
437,44.91351386,657,45.94551284
438,45.84083162,658,47.06329977
439,46.81684416,659,47.94899599
440,47.75898207,660,49.24338717
441,48.77098639,661,50.44076822
442,49.74699892,662,51.60617058
443,50.72089429,663,52.97224337
444,51.75618741,664,54.601275
445,52.73008278,665,55.25990666
446,53.80771918,666,56.4604192
447,54.85571528,667,57.42205957
448,55.84231364,668,58.98381884
449,56.95594182,669,59.9589883
450,57.9700633,670,61.88455698
451,59.04346537,671,62.73640439
452,60.14227341,672,63.29776014
453,61.19873817,673,64.39619819
454,62.29542904,674,65.68633026
455,63.36036246,675,66.87294925
456,64.41047573,676,67.81079817
457,65.51775242,677,68.43442164
458,66.56363136,678,69.63204083
459,67.66667372,679,70.61830385
460,68.72313848,680,72.02116036
461,69.80924354,681,73.18163284
462,70.86782546,682,74.01523806
463,72.01532827,683,75.5108233
464,72.99769229,684,75.71410734
465,74.13249211,685,77.23825725
466,75.13814494,686,78.59843644
467,76.22001567,687,78.66333994
468,77.23625431,688,79.8920164
469,78.28213325,689,81.7563079
470,79.29202041,690,81.6946575
471,80.28285309,691,81.91633715
472,81.26521712,692,83.22643919
473,82.20947219,693,84.04215429
474,83.14949294,694,85.12736689
475,84.10856816,695,85.7730771
476,84.96178519,696,86.46601634
477,85.89122012,697,87.61935202
478,86.75078864,698,87.54769172
479,87.61459149,699,88.44843666
480,88.40641077,700,89.20217196
481,89.23422184,701,89.87554857
482,90.04721275,702,90.09088115
483,90.7882201,703,90.57666245
484,91.51017297,704,91.49114656
485,92.19401689,705,91.17838907
486,92.89903246,706,92.02403731
487,93.53418161,707,93.43463169
488,94.16933076,708,93.93168167
489,94.81294857,709,93.21673007
490,95.36552834,710,94.05350076
491,95.93292825,711,94.48788697
492,96.38600131,712,95.09904335
493,96.93858108,713,94.85636636
494,97.35142803,714,95.340711
495,97.7685093,715,96.53706984
496,98.10090403,716,97.40744697
497,98.46929054,717,98.10032695
498,98.75087333,718,98.03132005
499,99.09173671,719,97.92826444
500,99.28228146,720,99.01154195
501,99.50458366,721,98.99218801
502,99.64219931,722,98.47737685
503,99.84968137,723,99.26971902
504,99.91107912,724,99.46113632
505,100,725,100
506,99.98517985,726,99.54970531
507,99.97035971,727,99.47753836
508,99.90261046,728,99.56745969
509,99.87932166,729,99.60192334
510,99.76076049,730,99.3125604
511,99.6019732,731,97.93118007
512,99.35214786,732,99.35361025
513,99.1743061,733,98.65851849
514,98.90330913,734,98.85449664
515,98.6005547,735,98.89851469
516,98.26180848,736,98.8321828
517,97.93999958,737,99.09575894
518,97.52715263,738,98.70307304
519,97.14394597,739,98.91994632
520,96.66970127,740,99.0786549
521,96.15311329,741,98.84754213
522,95.61111934,742,98.00624731
523,95.1220545,743,98.05761389
524,94.50595982,744,96.92280202
525,93.87504499,745,97.21025354
526,93.19120107,746,96.4361882
527,92.53699744,747,96.83746126
528,91.8362162,748,97.01185186
529,91.10791184,749,97.37431373
530,90.33302987,750,96.40576849
531,89.53062478,751,95.229754
532,88.75150848,752,94.61494088
533,87.94063473,753,93.99752135
534,87.05989457,754,94.88169537
535,86.2087947,755,93.82461224
536,85.34710901,756,93.54954074
537,84.44943154,757,93.05854148
538,83.50729363,758,91.9002936
539,82.58421019,759,90.72134863
540,81.61031482,760,89.93032497
541,80.64912244,761,90.18377637
542,79.67522707,762,88.90735352
543,78.67804289,763,89.02255536
544,77.66815574,764,89.50675511
545,76.6688544,765,87.41025273
546,75.62297546,766,86.87603251
547,74.63425995,767,86.27097213
548,73.52274893,768,85.67698987
549,72.51497893,769,86.94300862
550,71.42463955,770,84.74589414
551,70.39569792,771,85.44828124
552,69.25242945,772,84.75151601
553,68.23195647,773,83.90401696
554,67.11832829,774,83.20376605
555,66.09997248,775,82.24677943
556,64.98846146,776,81.82327611
557,63.92352804,777,80.86387338
558,62.78872822,778,80.99331819
559,61.70474033,779,79.44781193
560,60.63345542,780,79.35151883
561,59.53253022,781,79.92081965
562,58.46336248,782,76.85440011
563,57.40054623,783,76.15891103
564,56.31655834,784,76.16723544
565,55.30455402,785,75.77260675
566,54.32430716,786,74.54264554
567,53.28901404,787,73.9113817
568,52.25795524,788,74.26001976
569,51.21842779,789,73.57351396
570,50.22336079,790,72.40535635
571,49.2092393,791,72.86321796
572,48.22899244,792,72.16895394
573,47.25721424,793,71.88411643
574,46.29602185,794,70.26659332
575,45.27131455,795,69.93878844
576,44.39269155,796,68.54889266
577,43.41456185,797,68.04694873
578,42.53382169,798,67.82951261
579,41.58321513,799,66.1987525
580,40.71517795,800,64.5923896
581,39.81114898,801,65.19678376
582,38.98333792,802,63.48362505
583,38.05813732,803,62.0894966
584,37.25149789,804,61.64959732
585,36.39828086,805,61.31984831
586,35.54506383,806,60.99842163
587,34.71301844,807,59.69088356
588,33.96989393,808,57.74924524
589,33.09973959,809,58.17317332
590,32.35661508,810,55.99063486
591,31.60713908,811,55.14462291
592,30.88730337,812,53.869846
593,30.10606991,813,52.85582636
594,29.41375733,814,52.31331804
595,28.71085893,815,50.72550979
596,27.96985159,816,48.82249353
597,27.33258527,817,50.58126933
598,26.65509284,818,48.93731515
599,25.99242055,819,48.51470761
600,25.40173184,820,44.68695733
601,24.73905956,821,44.67106374
602,24.1335507,822,43.38911061
603,23.51745602,823,41.78169608
604,22.93311879,824,40.62858392
605,22.34666441,825,40.16295458
606,21.78773315,826,39.48802468
607,21.24785637,827,37.98843729
608,20.71644825,828,36.07628667
609,20.13189931,829,34.92422982
610,19.64706879,830,33.60182731
611,19.13069252,831,32.06972358
612,18.645862,832,30.6385349
613,18.13774268,833,29.20734622
614,17.68890394,834,27.77615754
615,17.19115872,835,26.34496886
616,16.73406305,836,24.91378018
617,16.28098999,837,23.48259151
618,15.86602587,838,22.05140283
619,15.41295281,839,20.62021415
620,14.97681706,840,19.18902547
621,14.58090742,841,17.75783679
622,14.17864629,842,16.32664811
623,13.77003366,843,14.89545943
624,13.38259268,844,13.46427076
625,13.07136959,845,12.03308208
626,12.66275697,846,10.6018934
627,12.31765926,847,9.17070472
628,11.97467872,848,7.739516042
629,11.61476087,849,6.308327363
630,11.32894375,850,4.877138685
631,10.97326022
632,10.68956027
633,10.38045434
634,10.06711409
635,9.81728876
636,9.484894036
637,9.218131391
638,8.98100904
639,8.686723266
640,8.415726293
641,8.195541253
642,7.9351301
643,7.719179387
644,7.501111511
645,7.253403341
646,7.04380412
647,6.82361908
648,6.611902695
649,6.368428853
650,6.213875892
651,6.029682637
652,5.826434908
653,5.644358817
654,5.487688692
655,5.314081257
656,5.193402917
657,4.964749222
658,4.8313679
659,4.659877628
660,4.471450046
661,4.363474689
662,4.225859039
663,4.092477717
664,3.984502361
665,3.889229988
666,3.728325535
667,3.58224123
668,3.48908602
669,3.349353206
670,3.247729342
671,3.133402494
672,3.055067432
673,2.980966697
674,2.870874177
675,2.760781657
676,2.633751826
677,2.599877204
678,2.472847374
679,2.451675735
680,2.328880232
681,2.233607859
682,2.176444435
683,2.106578028
684,2.009188491
685,1.973196706
686,1.875807169
687,1.829229564
688,1.767831813
689,1.685262422
690,1.680816378
691,1.585755722
692,1.526475134
693,1.494717676
694,1.426968433
695,1.38674232
696,1.314758749
697,1.314758749
698,1.232189359
699,1.175025935
700,1.141151314
