wl,ex/zero Ca,wl,em/zero Ca,Data copyright Molecular Probes
250,15.09601,400,0.4038201
251,15.06488,401,0.3695016
252,15.48615,402,0.3763481
253,16.48737,403,0.3938069
254,19.04652,404,0.413662
255,25.57771,405,0.4425888
256,26.13466,406,0.4516177
257,20.09671,407,0.4472103
258,17.40908,408,0.4442577
259,15.95651,409,0.474725
260,15.44504,410,0.4814004
261,15.65919,411,0.5006136
262,15.35084,412,0.5012983
263,15.55245,413,0.5345898
264,15.70273,414,0.5506365
265,15.96774,415,0.568352
266,15.80067,416,0.5810182
267,15.46873,417,0.6102445
268,15.64223,418,0.6655307
269,15.5416,419,0.6423379
270,15.88364,420,0.6921468
271,16.04158,421,0.7143127
272,16.01587,422,0.7374198
273,16.0104,423,0.7755468
274,15.61977,424,0.7851748
275,15.76685,425,0.8446544
276,15.95567,426,0.8992131
277,16.00771,427,0.9328898
278,15.89205,428,1.021938
279,16.0566,429,1.075898
280,15.66541,430,1.16439
281,15.44921,431,1.183346
282,15.367,432,1.237948
283,15.57542,433,1.329735
284,15.48038,434,1.446597
285,15.21747,435,1.494181
286,15.07493,436,1.6208
287,15.17326,437,1.704543
288,14.71408,438,1.846951
289,14.73764,439,2.011911
290,14.7448,440,2.104041
291,14.60853,441,2.276874
292,14.54479,442,2.375294
293,14.31512,443,2.604098
294,14.14111,444,2.750615
295,14.21347,445,2.935344
296,13.73259,446,3.136933
297,13.74332,447,3.3627
298,13.50873,448,3.628946
299,13.39315,449,3.783122
300,13.09314,450,4.168242
301,12.81925,451,4.414977
302,12.77402,452,4.89689
303,12.65904,453,5.221804
304,12.40657,454,5.733072
305,12.20971,455,6.190424
306,12.28507,456,6.606781
307,12.1989,457,7.082705
308,12.13525,458,7.6321
309,11.9089,459,8.155864
310,11.83565,460,8.665549
311,11.81714,461,9.237538
312,11.91307,462,9.766266
313,11.79817,463,10.43051
314,11.89712,464,11.07268
315,12.03246,465,11.75747
316,12.09031,466,12.32693
317,12.34939,467,12.92455
318,12.46248,468,13.48349
319,12.87104,469,14.11462
320,13.39778,470,14.86997
321,13.70857,471,15.74398
322,14.46603,472,16.48499
323,15.02449,473,17.26982
324,15.65872,474,18.03026
325,16.69874,475,18.86499
326,17.59634,476,19.74024
327,18.75681,477,20.69354
328,19.77163,478,21.36579
329,20.7824,479,22.23599
330,21.96062,480,22.81885
331,22.93631,481,23.65054
332,24.01832,482,24.28967
333,25.20504,483,25.05285
334,26.29933,484,25.56536
335,27.28524,485,26.20607
336,28.64323,486,26.74293
337,29.49536,487,27.62584
338,30.47437,488,28.34515
339,31.60303,489,28.9492
340,32.51801,490,29.67819
341,33.49046,491,30.09065
342,34.27375,492,30.92563
343,35.10295,493,31.54431
344,35.5898,494,32.05596
345,35.96668,495,32.79843
346,36.81102,496,33.1129
347,37.12059,497,34.02016
348,37.8406,498,34.4767
349,38.02341,499,35.02494
350,38.49032,500,35.3831
351,39.09876,501,35.90588
352,39.41712,502,36.31612
353,39.92922,503,36.35857
354,40.48701,504,36.68964
355,40.83149,505,36.89482
356,41.66599,506,36.94117
357,41.98144,507,37.36715
358,43.0361,508,37.4203
359,43.91044,509,37.70666
360,44.45506,510,37.54889
361,45.02547,511,37.5758
362,45.85685,512,37.59519
363,46.26743,513,37.3966
364,46.73085,514,37.65831
365,46.94449,515,37.72643
366,47.26461,516,37.55826
367,47.20004,517,37.4034
368,47.21653,518,37.16578
369,47.06389,519,36.7579
370,46.52289,520,37.00792
371,45.83543,521,36.73307
372,45.30579,522,36.36439
373,44.55544,523,36.40316
374,43.8045,524,36.32399
375,42.7806,525,35.95552
376,41.8103,526,35.63377
377,40.73742,527,35.35588
378,39.53311,528,35.36714
379,38.61216,529,35.05673
380,37.29359,530,34.51949
381,36.23691,531,34.45881
382,35.02301,532,33.84981
383,33.94963,533,33.34663
384,32.90456,534,32.95175
385,32.03759,535,32.67117
386,30.66415,536,32.4407
387,29.9003,537,31.89002
388,28.63343,538,31.63759
389,27.706,539,31.01126
390,26.39588,540,30.70432
391,25.32671,541,30.38912
392,24.42439,542,30.08427
393,23.41909,543,29.56196
394,22.36548,544,29.13101
395,21.55324,545,28.75321
396,20.76965,546,28.41623
397,19.90933,547,27.93222
398,19.13655,548,27.48899
399,18.2376,549,27.14897
400,17.47858,550,26.82466
401,16.54934,551,26.31001
402,15.63596,552,25.72933
403,14.89583,553,25.31875
404,14.16866,554,24.92717
405,13.40165,555,24.33229
406,12.65151,556,23.97383
407,11.95989,557,23.54181
408,11.3578,558,23.00448
409,10.57089,559,22.82441
410,9.894417,560,22.67614
411,9.341634,561,21.92601
412,8.711103,562,21.50396
413,8.128114,563,21.26519
414,7.579623,564,20.74442
415,7.045353,565,20.37727
416,6.559802,566,19.90079
417,6.12217,567,19.61396
418,5.577718,568,19.08695
419,5.193855,569,18.90842
420,4.745831,570,18.55433
421,4.365586,571,18.21097
422,3.966997,572,17.5614
423,3.643759,573,17.39858
424,3.270371,574,17.05082
425,3.087233,575,16.67344
426,2.73345,576,16.35174
427,2.467851,577,15.92734
428,2.235993,578,15.61903
429,2.122693,579,15.16514
430,1.928994,580,14.92761
431,1.761633,581,14.64287
432,1.630453,582,14.16652
433,1.516774,583,14.04012
434,1.36906,584,13.52975
435,1.26611,585,13.19726
436,1.122435,586,12.97089
437,1.006864,587,12.45342
438,0.9082472,588,12.10968
439,0.8143007,589,11.97801
440,0.7395811,590,11.96475
441,0.6626738,591,11.55288
442,0.5933393,592,11.14221
443,0.5168107,593,10.95543
444,0.4677128,594,10.42773
445,0.4242526,595,10.29003
446,0.3678763,596,9.78826
447,0.3274032,597,9.650558
448,0.2806613,598,9.303224
449,0.2509586,599,9.186232
450,0.2426284,600,8.784338
,,601,8.554892
,,602,8.405037
,,603,8.154324
,,604,7.955388
,,605,7.750161
,,606,7.523069
,,607,7.238936
,,608,7.173379
,,609,6.950309
,,610,6.727966
,,611,6.664592
,,612,6.523852
,,613,6.351704
,,614,6.202748
,,615,6.159785
,,616,6.034236
,,617,5.842875
,,618,5.776933
,,619,5.583175
,,620,5.43546
,,621,5.302251
,,622,5.21791
,,623,4.998648
,,624,4.990646
,,625,4.848151
,,626,4.703132
,,627,4.535177
,,628,4.450921
,,629,4.419983
,,630,4.364782
,,631,4.157502
,,632,4.050311
,,633,4.002555
,,634,3.784577
,,635,3.754923
,,636,3.734897
,,637,3.638146
,,638,3.435273
,,639,3.44978
,,640,3.324444
,,641,3.209721
,,642,3.138859
,,643,3.097009
,,644,2.95935
,,645,2.939495
,,646,2.900042
,,647,2.853613
,,648,2.764137
,,649,2.668969
,,650,2.696912
