wl,abs,wl,em
250,113.2661,485,3.788147
251,106.4166,486,3.92743
252,100.8657,487,4.321754
253,96.41579,488,5.197451
254,92.86957,489,6.337994
255,90.32645,490,7.697946
256,89.05072,491,9.391582
257,87.41808,492,11.31525
258,86.44534,493,13.41405
259,85.42779,494,15.9199
260,84.84384,495,19.0153
261,84.59325,496,22.55203
262,85.23871,497,26.3913
263,85.58726,498,30.43206
264,86.20234,499,34.79373
265,87.06119,500,39.86677
266,87.72183,501,45.06802
267,88.58675,502,50.09026
268,90.19736,503,55.08746
269,90.84282,504,60.14661
270,91.73128,505,65.46947
271,92.67289,506,70.73576
272,93.53098,507,75.33575
273,94.34349,508,79.72852
274,95.29953,509,83.72952
275,96.33226,510,87.4406
276,97.58522,511,90.93436
277,99.05839,512,93.58064
278,100.2286,513,95.84365
279,101.4056,514,97.5192
280,102.7489,515,98.93476
281,103.0458,516,99.76164
282,102.9471,517,100
283,103.2053,518,99.57642
284,102.5591,519,99.10033
285,102.0207,520,98.40125
286,101.6714,521,97.18201
287,101.2605,522,95.39993
288,99.93242,523,93.58913
289,97.14555,524,91.59315
290,92.55898,525,89.29585
291,87.85092,526,86.97055
292,83.89463,527,84.4696
293,80.39396,528,82.02782
294,78.09232,529,79.41432
295,75.77626,530,76.79704
296,72.00298,531,74.0827
297,67.00559,532,71.33536
298,62.02416,533,68.92858
299,57.46873,534,66.60094
300,53.64077,535,64.09785
301,50.56611,536,61.83329
302,47.83239,537,59.61078
303,45.06755,538,57.37489
304,43.00967,539,55.43717
305,40.99052,540,53.17561
306,39.41028,541,51.48543
307,38.38514,542,49.7223
308,37.12459,543,48.27464
309,36.07743,544,46.74945
310,36.44192,545,45.48718
311,35.69774,546,44.20364
312,35.37122,547,42.84221
313,35.61421,548,41.70633
314,34.9604,549,40.5601
315,34.67944,550,39.435
316,33.96639,551,38.58361
317,33.86691,552,37.44517
318,32.9944,553,36.42616
319,32.25023,554,35.46679
320,30.9669,555,34.55879
321,30.07768,556,33.81929
322,29.16721,557,32.821
323,27.1845,558,31.78624
324,25.71969,559,31.06413
325,24.71657,560,30.15197
326,23.13785,561,29.33902
327,21.19311,562,28.56108
328,20.41932,563,27.6214
329,18.94539,564,26.74772
330,18.26197,565,25.74535
331,17.37351,566,25.10942
332,16.46986,567,24.24641
333,15.64975,568,23.50311
334,15.20249,569,22.69247
335,14.36718,570,21.68404
336,14.02547,571,20.89881
337,13.61465,572,20.11592
338,13.21295,573,19.47529
339,12.90161,574,18.65756
340,13.15144,575,18.06088
341,12.30855,576,17.32446
342,12.22577,577,16.70262
343,11.92127,578,15.988
344,11.5955,579,15.38996
345,11.38288,580,14.97182
346,11.22265,581,14.45914
347,10.98042,582,13.88615
348,10.91131,583,13.40696
349,10.69869,584,12.87406
350,10.5696,585,12.34572
351,10.44051,586,11.88779
352,10.60073,587,11.40547
353,10.41849,588,10.93634
354,10.38735,589,10.59322
355,10.47164,590,10.27972
356,10.31901,591,9.847617
357,10.31217,592,9.438091
358,10.31901,593,9.110133
359,9.992482,594,8.779702
360,9.833776,595,8.437654
361,9.924899,596,8.284407
362,9.787454,597,7.92032
363,9.438906,598,7.684351
364,9.651527,599,7.305268
365,9.400937,600,7.08483
366,9.460927,601,6.963509
367,9.430552,602,6.7048
368,9.256658,603,6.467101
369,9.271845,604,6.282627
370,9.316648,605,6.049913
371,9.07441,606,5.847435
372,8.876975,607,5.612044
373,8.854195,608,5.517994
374,8.512481,609,5.332037
375,8.125204,610,5.126389
376,8.223922,611,4.939525
377,7.92777,612,4.82187
378,7.563274,613,4.64065
379,7.554921,614,4.455064
380,7.153217,615,4.290446
381,7.008178,616,4.113305
382,6.955022,617,4.032396
383,7.039312,618,3.872763
384,6.727973,619,3.728043
385,6.917054,620,3.597535
386,6.719619,621,3.447253
387,6.560153,622,3.2959
388,6.537372,623,3.228875
389,6.295135,624,3.086173
390,6.271595,625,2.982731
391,6.180471,626,2.920278
392,5.975442,627,2.786186
393,5.900265,628,2.775105
394,5.680049,629,2.656543
395,5.581332,630,2.594668
396,5.6193,631,2.514954
397,5.413512,632,2.457816
398,5.246452,633,2.335052
399,5.156087,634,2.277008
400,5.171275,635,2.166645
401,5.094579,636,2.102462
402,5.156087,637,2.057106
403,5.011049,638,2.006517
404,5.011049,639,1.872343
405,5.049017,640,1.838974
406,5.269992,641,1.799509
407,5.080151,642,1.730712
408,5.125713,643,1.703605
409,5.003455,644,1.630318
410,5.026996,645,1.503394
411,4.957893,646,1.459727
412,5.056611,647,1.437069
413,4.844748,648,1.408191
414,4.912332,649,1.35233
415,4.859176,650,1.276365
416,4.97384,,
417,5.125713,,
418,5.231265,,
419,5.307961,,
420,5.565385,,
421,5.482615,,
422,5.694477,,
423,5.694477,,
424,6.195658,,
425,6.317916
426,6.636849
427,7.175238
428,7.592889
429,7.866261
430,8.299098
431,8.428191
432,8.754717
433,9.005308
434,9.560404
435,10.12233
436,10.23624
437,10.77463
438,11.22265
439,11.96
440,12.30855
441,13.01476
442,13.24332
443,13.98674
444,14.28365
445,14.98986
446,15.62697
447,16.56858
448,17.03255
449,18.02656
450,18.74872
451,19.72071
452,20.78382
453,21.93046
454,23.13785
455,24.25336
456,25.43037
457,26.87392
458,28.218
459,29.59245
460,30.9669
461,32.40894
462,33.51077
463,34.80853
464,36.06224
465,37.53541
466,38.31679
467,39.77477
468,40.67842
469,41.85543
470,42.74465
471,43.73866
472,44.87011
473,45.97195
474,46.84446
475,47.97591
476,49.22127
477,50.55775
478,52.06965
479,53.83897
480,55.54754
481,57.78691
482,59.74683
483,62.48814
484,65.00163
485,67.88722
486,70.8176
487,74.07528
488,77.32536
489,80.61342
490,83.64404
491,87.12877
492,89.86324
493,92.58936
494,95.01856
495,97.03165
496,98.47367
497,99.68942
498,100
499,99.89369
500,98.89133
501,97.30502
502,94.88188
503,92.24765
504,88.66344
505,84.88181
506,80.49951
507,75.85296
508,70.86317
509,65.82934
510,60.68085
511,55.57792
512,50.81594
513,46.03194
514,41.36185
515,37.13978
516,33.03161
517,29.31908
518,25.77209
519,22.5911
520,19.6144
521,17.18443
522,14.65574
523,12.77252
524,11.01838
525,9.294626
526,8.01054
527,7.046146
528,5.854703
529,5.185703
530,4.494681
531,3.857574
532,3.180979
533,2.86964
534,2.354031
535,2.050285
536,1.700977
537,1.442793
538,1.108673
539,1.077539
540,0.8649166
541,0.7821459
542,0.6522945
543,0.7358245
544,0.4320786
545,0.4092976
546,0.1974349
547,0.3113396
548,0.3181739
549,0.5543364
550,0.4556189
Data Copyright MP Inc.