wl,ex,wl,em,Data copyright Molecular Probes
500,1.00239562,630,2.145717303
501,0.897722688,631,2.349090764
502,0.917304148,632,2.722215648
503,0.958262615,633,3.14247569
504,0.975785053,634,3.686816426
505,1.031801248,635,4.264558167
506,1.077772567,636,4.977712021
507,1.081009723,637,5.809035636
508,1.108146931,638,6.7329302
509,1.178260001,639,7.806046444
510,1.21865101,640,8.939762721
511,1.238616826,641,10.3313882
512,1.332366276,642,12.02640832
513,1.387529196,643,13.72202228
514,1.437976145,644,15.72825941
515,1.454298871,645,17.86441145
516,1.56003583,646,20.07370163
517,1.571331206,647,22.74319651
518,1.624111909,648,25.51428314
519,1.722903136,649,28.41683473
520,1.779564571,650,31.6477705
521,1.813650579,651,34.93757349
522,1.874216143,652,39.00403199
523,1.89997839,653,42.9155741
524,1.967094906,654,46.42496161
525,2.051585653,655,51.32592744
526,2.104304011,656,55.2455743
527,2.214723941,657,59.79176589
528,2.294159416,658,64.41400651
529,2.322789761,659,68.13359998
530,2.411367848,660,72.58680613
531,2.51028952,661,76.59974087
532,2.693657398,662,80.55086353
533,2.786073756,663,84.76964862
534,2.896269634,664,88.55868059
535,2.957653041,665,90.7486129
536,3.032433477,666,93.20268762
537,3.215486125,667,95.07109568
538,3.324322947,668,97.37729835
539,3.480901818,669,98.4088966
540,3.586755128,670,99.72682415
541,3.815908276,671,100
542,4.009954152,672,99.27706705
543,4.14787984,673,98.26914654
544,4.293229519,674,96.88280172
545,4.627982653,675,95.2185336
546,4.728349847,676,93.90158557
547,4.942875993,677,90.56712003
548,5.125199639,678,88.43823518
549,5.40510576,679,86.15408667
550,5.655972903,680,83.39204568
551,5.83229305,681,80.41713207
552,6.081441779,682,77.08821742
553,6.261153481,683,74.74686226
554,6.479297625,684,70.92333687
555,6.653517083,685,68.30332805
556,6.816768147,686,65.66914132
557,7.061020241,687,61.98572416
558,7.316279123,688,59.29897344
559,7.45868244,689,57.17117436
560,7.684790896,690,53.72091232
561,7.997885469,691,50.95016385
562,8.036084008,692,48.86717083
563,8.333082609,693,46.51677616
564,8.648608384,694,44.50760815
565,8.861047511,695,42.67458187
566,8.934440396,696,40.63821174
567,9.221956467,697,38.99442647
568,9.590905813,698,37.31157997
569,9.919851466,699,35.63958519
570,10.23817007,700,34.05503801
571,10.64970741,701,33.0263008
572,11.11323002,702,31.79694066
573,11.59026052,703,30.64397294
574,12.02875815,704,29.72836257
575,12.48989972,705,28.44694508
576,12.96854899,706,27.49372322
577,13.52106665,707,26.92640692
578,14.18725632,708,26.25319254
579,14.91720988,709,25.28186376
580,15.50614299,710,24.93561861
581,16.09709217,711,24.46080587
582,17.08076758,712,24.17566528
583,17.75690893,713,23.64266764
584,18.6437721,714,23.55368341
585,19.28227416,715,23.26620381
586,20.36357881,716,23.08516108
587,21.2129105,717,22.73659488
588,22.08391275,718,22.60492403
589,22.99073984,719,22.23102771
590,24.00092581,720,22.12920278
591,24.68159905,721,22.05421377
592,25.58028119,722,21.76059158
593,26.2576012,723,21.81077166
594,27.109522,724,21.50303654
595,27.76374519,725,21.42545801
596,28.47940256,726,20.97247083
597,29.13430088,727,20.83897505
598,29.72516514,728,20.7672634
599,30.23232558,729,20.35536597
600,30.52295985,730,20.02534254
601,30.84954172,731,19.81206385
602,31.31633746,732,19.72587126
603,31.45997482,733,19.24963718
604,31.89654846,734,18.97281813
605,31.89310185,735,18.60951532
606,31.89437354,736,18.25466422
607,31.91447641,737,17.88970244
608,32.35316011,738,17.59560407
609,32.38420597,739,17.25690701
610,32.5154217,740,16.81961504
611,32.76851036,741,16.36101711
612,32.47055374,742,15.90847161
613,32.88845424,743,15.39392254
614,33.0072532,744,15.03868785
615,33.34367175,745,14.70756829
616,33.47443054,746,14.29802411
617,34.26542076,747,13.84368933
618,34.7476994,748,13.37411531
619,35.62704273,749,12.99076433
620,36.62007874,750,12.59493293
621,37.60034733,751,12.00337826
622,38.50904704,752,11.43719432
623,39.8923946,753,11.04618299
624,41.5543651,754,10.80866913
625,42.70176568,755,10.39447995
626,44.42348059,756,9.872330458
627,46.71859939,757,9.416275566
628,49.14671345,758,8.912115134
629,51.22993003,759,8.638709777
630,54.03071797,760,8.050664445
631,56.66181761,761,7.824461115
632,59.16806498,762,7.51553228
633,62.01506188,763,7.233269336
634,65.00948697,764,6.997149739
635,67.8039267,765,6.65512277
636,70.51513344,766,6.479645918
637,73.64252024,767,6.311260954
638,77.06051222,768,6.107609518
639,80.40951796,769,5.922677037
640,82.79364899,770,5.675292064
641,85.37153692,771,5.649766817
642,87.96065674,772,5.525466611
643,90.80374453,773,5.338684983
644,93.25189581,774,5.134730397
645,95.0436856,775,4.988036885
646,96.65582145,776,4.716556297
647,98.255504,777,4.637326942
648,99.1993823,778,4.43049714
649,99.77308121,779,4.330453911
650,100,780,4.27335655
651,99.55604064,781,4.169583161
652,99.04607403,782,3.949923745
653,97.46512309,783,3.847345789
654,95.90307843,784,3.713565281
655,93.90806182,785,3.588409878
656,91.41594287,786,3.589296623
657,88.78969118,787,3.453612337
658,85.39680771,788,3.411932731
659,81.79995571,789,3.370016652
660,78.12666237,790,3.324595256
661,74.32289234,791,3.371927137
662,70.16907752,792,3.245939837
663,65.2883541,793,3.11268216
664,61.39329582,794,2.927449617
665,57.28497732,795,2.89410597
666,52.86531733,796,2.824764032
667,48.19236645,797,2.798115531
668,44.65589794,798,2.660827298
669,40.85317696,799,2.615532819
670,37.14418023,800,2.570440825
671,33.48834683,,
672,30.38139964,,
673,27.54223281,,
674,24.58323985,,
675,22.32449298
676,19.86024557
677,17.70976448
678,15.4694045
679,13.60542672
680,12.07421442
681,10.84389639
682,9.756107411
683,8.295038365
684,7.404896856
685,6.544550257
686,5.833301487
687,5.243478167
688,4.726861321
689,4.279172768
690,3.890821107
691,3.613659932
692,3.206634037
693,2.976715897
694,2.814064693
695,2.523126317
696,2.176888926
697,2.000117679
698,1.908172057
699,1.71211837
700,1.639323224
