wl,ex,wl,em, Data copyright Molecular Probes
350,22.92518431,480,0.456277415
351,22.80653501,481,0.591347134
352,22.32121401,482,0.697637213
353,22.05313453,483,0.830036177
354,21.97358108,484,0.977259499
355,21.38386842,485,1.176933288
356,20.95824105,486,1.35198886
357,20.50156342,487,1.63186539
358,19.63692009,488,1.982497252
359,19.00189531,489,2.335518923
360,18.25602353,490,2.776293493
361,17.63571136,491,3.351976386
362,16.91771142,492,3.910049133
363,16.16010341,493,4.695056695
364,15.51902864,494,5.54900252
365,14.9197372,495,6.477761633
366,14.13537834,496,7.512457221
367,13.24813569,497,8.714266195
368,12.28525418,498,9.80041138
369,11.49952976,499,11.19939455
370,10.9240586,500,12.50155578
371,10.17910916,501,14.02055374
372,9.427943037,502,15.52083637
373,8.63512372,503,17.06721398
374,7.852298702,504,18.69385235
375,7.214157467,505,20.32295538
376,6.54464927,506,22.02351425
377,5.921251988,507,24.13112314
378,5.364331114,508,26.02247884
379,5.012930469,509,28.10069935
380,4.518547482,510,29.93046381
381,4.205866052,511,31.98108454
382,3.921101981,512,33.55302611
383,3.553410759,513,35.45736329
384,3.383909334,514,37.59985609
385,3.241157389,515,39.67801229
386,3.02752662,516,41.46851692
387,2.967822671,517,43.7228743
388,2.882276968,518,45.97229038
389,2.798487731,519,48.24118648
390,2.755486039,520,50.37357277
391,2.750850974,521,52.4104025
392,2.860168148,522,54.43899536
393,2.925998789,523,56.19622779
394,2.995602494,524,57.94199723
395,3.039698803,525,60.2241655
396,3.183701435,526,62.52164158
397,3.257720155,527,64.68903419
398,3.507935352,528,66.15961173
399,3.673237021,529,68.02327598
400,3.853665072,530,69.8342719
401,4.040927393,531,71.55248695
402,4.245783575,532,73.44731814
403,4.598786776,533,75.44385719
404,4.871143896,534,77.2911413
405,5.231164188,535,79.21892167
406,5.52352233,536,80.6669604
407,5.936251691,537,82.32291577
408,6.337837577,538,84.19265929
409,6.803675046,539,85.71287317
410,7.347205642,540,86.82197217
411,7.692282532,541,88.13673916
412,8.110095569,542,89.90688059
413,8.762770785,543,91.07618402
414,9.126903208,544,92.19555282
415,9.737340233,545,93.06227688
416,10.27986773,546,93.50616458
417,10.83820097,547,93.8779592
418,11.54668339,548,94.30199989
419,12.21815107,549,95.19885736
420,12.75966995,550,96.35729235
421,13.54092962,551,97.1847691
422,14.21395483,552,97.77213358
423,15.04433993,553,97.76302293
424,15.93609196,554,98.19403607
425,16.68603285,555,98.60856384
426,17.56102455,556,98.5754084
427,18.47297241,557,98.99394492
428,19.44036579,558,99.20200739
429,20.37984517,559,99.3694645
430,21.40655146,560,99.0297362
431,22.66023507,561,99.91846676
432,23.69937609,562,99.2629381
433,24.9028028,563,99.69977923
434,26.08895472,564,99.80224126
435,27.25522526,565,100
436,28.55711639,566,99.96960565
437,29.64509115,567,99.84252786
438,30.93511829,568,99.1739489
439,32.15246205,569,99.0244871
440,33.41116623,570,98.50305662
441,35.10271131,571,98.84324556
442,36.81169748,572,98.70415925
443,38.61459618,573,98.0598899
444,40.3707,574,97.91134605
445,42.21113008,575,97.23215144
446,44.03018121,576,96.45915139
447,45.83762809,577,96.20120652
448,47.51082074,578,96.07837751
449,49.12676942,579,95.20189577
450,50.80734308,580,94.52460025
451,52.71460168,581,94.50694063
452,54.60958525,582,94.21753351
453,56.95883683,583,93.48085966
454,59.03690984,584,92.5699461
455,60.98301452,585,91.99629397
456,63.02385328,586,91.23342086
457,65.0120356,587,91.09010577
458,67.37829369,588,89.9324862
459,69.36383482,589,89.05951091
460,71.56543832,590,88.73331119
461,73.88745425,591,87.5293973
462,76.02475772,592,86.37192737
463,78.19801876,593,85.24617491
464,79.99290557,594,85.03884043
465,81.64707022,595,84.75209895
466,83.47725396,596,84.15939093
467,85.12423787,597,83.32760495
468,86.97896562,598,82.30837458
469,88.59208407,599,81.88807819
470,90.30333111,600,80.99747775
471,91.23114174,601,79.8056536
472,92.20326015,602,78.85518523
473,93.39932746,603,77.68538741
474,94.89045536,604,76.98989594
475,95.2734709,605,76.29735674
476,95.84250716,606,75.95592406
477,96.4417933,607,75.2153392
478,97.16203223,608,73.81786638
479,97.45649511,609,72.9809992
480,97.90047714,610,71.73354331
481,98.31233729,611,70.77043557
482,98.81542077,612,69.80135656
483,99.36921379,613,69.12234826
484,99.82999532,614,68.84259531
485,99.85515054,615,67.11982318
486,99.83626831,616,66.47570771
487,99.7074568,617,64.9452716
488,100,618,64.55774501
489,99.16136031,619,64.12514868
490,97.80338517,620,62.22942122
491,97.47341068,621,61.69068036
492,95.87410593,622,60.87324304
493,94.13236249,623,60.57164141
494,91.81891906,624,59.39097485
495,89.05798614,625,58.78256184
496,85.13750917,626,58.19004013
497,80.81963323,627,57.99004611
498,76.30675567,628,56.79720681
499,71.59265404,629,56.08313465
500,66.57265005,630,55.19092912
501,62.21277307,631,54.89347836
502,57.1091621,632,53.91654946
503,52.18496984,633,52.63592122
504,47.50562437,634,52.31025489
505,43.18927095,635,51.33259335
506,38.67578308,636,50.21376928
507,34.86118558,637,50.05148992
508,31.22448826,638,49.42597419
509,27.60583423,639,48.45118856
510,24.84647017,640,48.05146375
511,22.12735927,641,47.17345796
512,19.53347187,642,46.39021527
513,17.56397636,643,46.13290038
514,15.48941965,644,45.15568265
515,13.63115902,645,44.33009807
516,12.07653612,646,43.81058819
517,10.71134863,647,42.74359492
518,9.290760977,648,42.07808527
519,8.11411429,649,41.27084859
520,7.056343423,650,40.96946102
521,6.18349945,651,39.97897936
522,5.316424333,652,39.99363679
523,4.593031245,653,38.91111979
524,3.979938837,654,38.07907402
525,3.516237168,655,38.42889544
526,3.152543113,656,37.45410194
527,2.82432772,657,36.97481557
528,2.530339319,658,36.7680609
529,2.245017834,659,36.03273616
530,1.961091033,660,34.95415468
,,661,34.80089433
,,662,34.6057801
,,663,34.00158018
,,664,33.63199462
,,665,32.88512225
,,666,32.22488906
,,667,31.79875564
,,668,31.50826732
,,669,31.08263512
,,670,30.47760583
,,671,30.0229081
,,672,29.2698395
,,673,28.77664001
,,674,28.1481956
,,675,27.65824799
,,676,27.50964886
,,677,26.25062256
,,678,25.30350693
,,679,25.03343379
,,680,24.1108395
,,681,24.43558776
,,682,23.4194411
,,683,23.23166911
,,684,22.38687276
,,685,21.61122077
,,686,21.49505865
,,687,20.87211297
,,688,20.25557148
,,689,19.93067184
,,690,20.27414276
,,691,19.70992298
,,692,19.74512957
,,693,18.67912269
,,694,18.18253265
,,695,18.55168748
,,696,18.23961745
,,697,17.82774056
,,698,17.22598894
,,699,16.86721845
,,700,16.59489731
