wl,abs,wl,em,Data copyright Molecular Probes
300,8.67395,470,0.4277033
301,9.191938,471,0.5438871
302,9.917122,472,0.646675
303,10.49162,473,0.7551304
304,11.1132,474,0.8884455
305,11.99849,475,1.123647
306,12.67659,476,1.325165
307,13.38294,477,1.563587
308,14.43775,478,1.860615
309,15.21002,479,2.209296
310,16.0388,480,2.597648
311,17.21605,481,3.081576
312,18.09192,482,3.680914
313,19.0243,483,4.445577
314,20.34282,484,5.216937
315,21.36937,485,6.052056
316,22.39593,486,7.084701
317,23.8463,487,8.28589
318,24.91995,488,9.562752
319,25.97476,489,11.04796
320,27.44396,490,12.55803
321,28.49878,491,14.23471
322,29.53475,492,16.04689
323,30.86268,493,18.09125
324,31.74797,494,20.14894
325,32.58617,495,22.54835
326,33.68808,496,25.09615
327,34.42268,497,28.03688
328,35.11019,498,30.68187
329,35.92014,499,33.51555
330,36.43813,500,36.45872
331,36.8996,501,39.50217
332,37.32341,502,42.30392
333,37.50235,503,45.28502
334,37.5777,504,48.10055
335,37.43643,505,50.99445
336,37.16331,506,54.0048
337,36.77717,507,56.90991
338,36.11791,508,59.50968
339,35.52458,509,62.0951
340,34.84649,510,64.80551
341,33.82935,511,67.2504
342,33.0194,512,69.57736
343,32.16237,513,72.09238
344,30.90036,514,74.59258
345,29.95856,515,76.89294
346,28.932,516,78.8304
347,27.50047,517,80.99088
348,26.40799,518,82.85471
349,25.259,519,84.71783
350,23.66736,520,86.7535
351,22.47128,521,88.13702
352,21.26577,522,89.74162
353,19.62705,523,91.25968
354,18.45922,524,92.47987
355,17.31964,525,93.37212
356,15.81277,526,94.43599
357,14.73912,527,95.78402
358,13.71256,528,96.33912
359,12.41288,529,97.49831
360,11.53701,530,97.94315
361,10.7459,531,98.34799
362,9.700508,532,98.91229
363,8.984743,533,99.31796
364,8.316067,534,99.25266
365,7.46845,535,99.48284
366,6.912789,536,99.48458
367,6.385383,537,99.56238
368,5.726126,538,100
369,5.311735,539,99.55021
370,4.935016,540,99.67818
371,4.50179,541,99.10698
372,4.247504,542,98.54036
373,4.049727,543,98.17648
374,3.861368,544,98.15465
375,3.75777,545,97.60728
376,3.682426,546,96.86284
377,3.635336,547,96.32623
378,3.625918,548,95.75472
379,3.654172,549,95.10147
380,3.738934,550,94.03869
381,3.823696,551,92.91208
382,3.927294,552,92.3054
383,4.125071,553,91.43879
384,4.294594,554,90.73312
385,4.482954,555,89.6494
386,4.803164,556,88.87514
387,5.038614,557,87.8331
388,5.302317,558,87.10508
389,5.697872,559,85.63075
390,5.999247,560,84.93005
391,6.328875,561,83.7532
392,6.837446,562,82.4576
393,7.214165,563,81.30207
394,7.628555,564,80.21578
395,8.240724,565,79.04859
396,8.692785,566,78.00655
397,9.154266,567,76.81624
398,9.83236,568,75.47375
399,10.35977,569,74.32319
400,10.90601,570,73.33105
401,11.73479,571,71.97948
402,12.36579,572,70.90736
403,13.02505,573,69.62708
404,13.9951,574,68.36123
405,14.74854,575,67.20802
406,15.53965,576,66.06577
407,16.72631,577,65.13732
408,17.62102,578,63.99139
409,18.52515,579,63.13302
410,19.77773,580,61.43548
411,20.7007,581,60.37745
412,21.63308,582,59.04766
413,22.97043,583,58.07742
414,23.96873,584,56.76101
415,24.98587,585,55.53425
416,26.43624,586,54.3775
417,27.53814,587,53.335
418,28.68714,588,52.23435
419,30.30703,589,50.80421
420,31.52194,590,49.9309
421,32.77453,591,48.90514
422,34.52628,592,47.61276
423,35.86363,593,46.76785
424,37.23865,594,45.81139
425,39.19759,595,44.72909
426,40.66679,596,43.74604
427,42.16425,597,42.97745
428,44.28329,598,41.82109
429,45.88435,599,40.5969
430,47.50424,600,39.86361
431,49.76455,601,38.80101
432,51.39386,602,38.03107
433,53.02317,603,36.93061
434,55.2929,604,35.91046
435,56.9693,605,35.10278
436,58.65511,606,34.38075
437,61.02844,607,33.47478
438,62.7896,608,32.84305
439,64.57902,609,32.2119
440,67.07478,610,31.52826
441,68.89245,611,30.69442
442,70.71011,612,29.97233
443,73.24355,613,29.05175
444,75.08006,614,28.67074
445,76.85063,615,27.8543
446,79.1392,616,27.13652
447,80.72142,617,26.37224
448,82.24713,618,25.77304
449,84.27199,619,25.22251
450,85.68468,620,24.6738
451,87.04087,621,23.91789
452,88.83028,622,23.38431
453,90.05463,623,22.91526
454,91.23187,624,22.20495
455,92.75758,625,21.67337
456,93.77472,626,21.0361
457,94.72594,627,20.60066
458,95.94086,628,20.20407
459,96.73196,629,19.62618
460,97.42889,630,19.15558
461,98.25768,631,18.71848
462,98.75682,632,18.01995
463,99.19006,633,17.63282
464,99.64211,634,17.19714
465,99.85873,635,16.87068
466,99.98116,636,16.49076
467,100,637,16.01186
468,99.87757,638,15.49251
469,99.67979,639,15.27128
470,99.23714,640,14.78362
471,98.80392,641,14.50488
472,98.2671,642,13.91391
473,97.36297,643,13.64741
474,96.56245,644,13.27806
475,95.6489,645,12.90774
476,94.1797,646,12.65367
477,92.95536,647,12.16903
478,91.58975,648,11.77842
479,89.5178,649,11.73353
480,87.8414,650,11.35884
481,86.07082,651,10.95187
482,83.50913,652,10.69451
483,81.55962,653,10.40521
484,79.53475,654,10.06484
485,76.58693,655,9.78269
486,74.33604,656,9.411405
487,71.98154,657,9.195137
488,68.60049,658,8.843817
489,66.01997,659,8.693176
490,63.37352,660,8.427126
491,59.61575,661,8.307593
492,56.81861,662,7.911577
493,53.99322,663,7.750632
494,50.08476,664,7.614097
495,47.24054,665,7.447936
496,44.40573,666,7.038652
497,40.59145,667,6.871847
498,37.88849,668,6.57952
499,35.2703,669,6.587957
500,31.8139,670,6.368212
501,29.4029,671,6.411621
502,27.10492,672,6.164633
503,24.19477,673,6.055212
504,22.28292,674,5.917067
505,20.51234,675,5.841843
506,18.26144,676,5.62139
507,16.73573,677,5.468046
508,15.32304,678,5.286943
509,13.5242,679,5.189565
510,12.30929,680,5.21655
511,11.18855,681,5.054769
512,9.766434,682,4.940839
513,8.824637,683,4.682195
514,7.948766,684,4.619144
515,6.875118,685,4.519318
516,6.16877,686,4.41653
517,5.537766,687,4.24174
518,4.784328,688,4.1575
519,4.31343,689,3.95289
520,3.889621,690,3.974208
521,3.371633,691,3.828656
522,3.042004,692,3.789434
523,2.740629,693,3.685036
524,2.36391,694,3.613613
525,2.137879,695,3.536522
526,1.921266,696,3.385625
527,1.648145,697,3.307181
528,1.488039,698,3.257462
529,1.337352,699,3.120218
530,1.148992,700,3.027864
531,1.035977,,
532,0.9323789,,
533,0.8005275,,
534,0.7157657,,
535,0.6498399,,
536,0.5462422,,
537,0.4897344,,
538,0.4426446,,
539,0.3861367
540,0.3484649
541,0.320211
542,0.2825391
543,0.2542852
544,0.2354492
545,0.2071953
546,0.1883594
547,0.1789414
548,0.1601055
549,0.1412695
550,0.1412695
551,0.1318516
552,0.1224336
553,0.1130156
554,0.1035977
555,0.0941797
556,8.48E-02
557,8.48E-02
558,7.53E-02
559,7.53E-02
560,6.59E-02
561,6.59E-02
562,5.65E-02
563,5.65E-02
564,4.71E-02
565,4.71E-02
566,4.71E-02
567,4.71E-02
568,4.71E-02
569,3.77E-02
570,2.83E-02
571,2.83E-02
572,2.83E-02
573,1.88E-02
574,1.88E-02
575,9.42E-03
576,9.42E-03
577,9.42E-03
578,9.42E-03
579,9.42E-03
580,9.42E-03
581,9.42E-03
582,9.42E-03
583,9.42E-03
584,9.42E-03
585,9.42E-03
586,0
587,9.42E-03
588,9.42E-03
589,0
590,0.00E+00
591,0.00E+00
592,0.00E+00
593,0.00E+00
594,0.00E+00
595,0.00E+00
596,0.00E+00
597,0.00E+00
598,0.00E+00
599,0.00E+00
600,0.00E+00
