wl,abs,wl,em,Data copyright Molecular Probes
300,100,480,1.765231879
301,97.57382929,481,2.008936686
302,95.19955527,482,2.283537232
303,92.97398527,483,2.588123556
304,90.63863378,484,2.951624063
305,88.43302404,485,3.339344911
306,86.17651561,486,3.790789256
307,83.81222174,487,4.303527172
308,81.32716823,488,4.909485499
309,78.82215445,489,5.533376545
310,76.0666393,490,6.285313419
311,73.40294138,491,7.101178944
312,70.78814613,492,8.04668438
313,68.20329128,493,9.05952039
314,65.59747814,494,10.23579047
315,63.12340278,495,11.58724033
316,60.51858766,496,13.09595651
317,58.1033951,497,14.76304484
318,55.84788469,498,16.61473685
319,53.66223522,499,18.62109632
320,51.51650628,500,20.90215832
321,49.54043964,501,23.33046105
322,47.74401542,502,25.99385311
323,46.01745214,503,28.97480643
324,44.61025317,504,32.16547401
325,43.01343164,505,35.51829223
326,41.62619293,506,39.18642653
327,38.97147714,507,42.83636069
328,38.61219229,508,46.6881835
329,38.13314583,509,50.61584607
330,37.2848344,510,54.78859604
331,36.52634417,511,59.108342
332,35.92753609,512,63.33050392
333,35.179026,513,67.47268623
334,34.67003914,514,71.53582507
335,34.06125093,515,75.62735105
336,33.60216474,516,79.36816473
337,32.9833964,517,83.02265822
338,32.50434994,518,86.39635611
339,32.07520415,519,89.56949676
340,31.52629675,520,92.36650821
341,30.97738935,521,94.56918335
342,30.60812437,522,96.30260894
343,30.19893885,523,98.04746908
344,29.79973347,524,99.4084404
345,29.44044863,525,100
346,28.96140217,526,99.910796
347,28.53225638,527,99.57003485
348,28.05320992,528,98.66987658
349,27.85360723,529,97.45753278
350,27.31467997,530,95.59797993
351,26.74630904,531,93.31984621
352,26.38860476,532,90.66053124
353,26.03415193,533,87.85183419
354,25.69500799,534,84.61813348
355,25.36037995,535,81.22997376
356,25.05194412,536,77.35880143
357,24.74531464,537,73.6713436
358,24.44997491,538,69.47032969
359,24.16502175,539,65.72461011
360,23.88774561,540,61.80350626
361,23.62943625,541,57.71310273
362,23.37699755,542,53.58400547
363,23.12501044,543,49.7563943
364,22.88611944,544,45.72242612
365,22.65896977,545,42.17700883
366,22.42911056,546,38.51231461
367,22.21370223,547,35.43850186
368,21.99829389,548,32.29198579
369,21.78694987,549,29.36719299
370,21.56928358,550,26.61995023
371,21.36290705,551,24.00943804
372,21.13124148,552,21.54079044
373,20.92034904,553,19.51889787
374,20.68913507,554,17.39997677
375,20.44934088,555,15.62858721
376,20.20367603,556,13.88621115
377,19.94085077,557,12.40292545
378,19.68073504,558,10.97834871
379,19.39849142,559,9.814972547
380,19.12753754,560,8.652258683
381,18.80916673,561,7.649187903
382,18.52556834,562,6.763404099
383,18.20087527,563,5.997388116
384,18.04507679,564,5.236852839
385,17.76463953,565,4.635414168
386,17.47607364,566,4.05308714
387,17.18028232,567,3.55686886
388,16.90526414,568,3.130454528
389,16.61534349,569,2.767977983
390,16.35613094,570,2.40686948
391,16.08653183,571,2.110322327
392,15.83273836,572,1.850558858
393,15.58075126,573,1.644626179
394,15.35405318,574,1.436955482
395,15.13141941,575,1.250376571
396,14.92323651,576,1.086479299
397,14.73176243,577,0.968765714
398,14.55293287,578,0.837844933
399,14.37816762,579,0.740923346
400,14.21378893,580,0.64554538
401,14.0602484,581,0.57510566
402,13.91619126,582,0.493839032
403,13.78206909,583,0.438523088
404,13.63936671,584,0.391590792
405,13.51743746,585,0.34531482
406,13.38421847,586,0.303020058
407,13.26951466,587,0.270146262
408,13.130425,588,0.237052776
409,13.00985053,589,0.209259445
410,12.86850292,590,0.190074608
411,12.73528393,591,0.167843616
412,12.59122678,592,0.153372162
413,12.44762123,593,0.134000693
414,12.2850489,594,0.126457264
415,12.11886385,595,0.112709495
416,11.95087245,596,0.100334977
417,11.77294607,597,0.089778752
418,11.58598789,598,0.079221933
419,11.38819156,599,0.075880075
420,11.19175,600,0.06987472
421,10.97995438,601,0.065252618
422,10.76861035,602,0.065368538
423,10.57126561,603,0.058890745
424,10.35450251,604,0.054030654
425,10.13186874,605,0.050732601
426,9.915557223,606,0.040995569
427,9.703761608,607,0.041390955
428,9.498288249,608,0.04068333
429,9.296879198,609,0.043368365
430,9.104953534,610,0.041092729
431,8.922962845,611,0.035344873
432,8.760842107,612,0.035781928
433,8.609559524,613,0.03822142
434,8.469566686,614,0.031451773
435,8.34808903,615,0.033374757
436,8.23564317,616,0.027909893
437,8.154357006,617,0.031983936
438,8.084360587,618,0.026623248
439,8.030169811,619,0.027932691
440,7.991333089,620,0.027441113
441,7.961979752,621,0.027673294
442,7.94301298,622,0.031256709
443,7.933981184,623,0.025205035
444,7.928110517,624,0.030117107
445,7.915014412,625,0.026492402
446,7.906885796,626,0.026361542
447,7.889273794,627,0.024638904
448,7.861726816,628,0.02493772
449,7.817019426,629,0.02329449
450,7.759215932,630,0.024671467
451,7.680639307,631,0.030729638
452,7.579934781,632,0.030211479
453,7.467940511,633,0.030187162
454,7.321173826,634,0.025089443
455,7.166730115,635,0.02332491
456,6.982933067,636,0.027046645
457,6.784233555,637,0.028096144
458,6.572437939,638,0.028937561
459,6.343030321,639,0.02522206
460,6.100075009,640,0.033382397
461,5.858926056,641,0.033969842
462,5.613712795,642,0.036650659
463,5.362177277,643,0.028790317
464,5.114254477,644,0.034255678
465,4.868138037,645,0.038066306
466,4.63647247,646,0.0391931
467,4.409729231,647,0.042985514
468,4.195269236,648,0.043609061
469,3.992505416,649,0.04102604
470,3.798321802,650,0.043207231
471,3.626717678,651,0.045404152
472,3.475389937,652,0.043217423
473,3.336345437,653,0.040738183
474,3.220738449,654,0.041646912
475,3.122291872,655,0.042000704
476,3.036489811,656,0.0396044
477,2.979589496,657,0.038921781
478,2.940752773,658,0.036608991
479,2.920431232,659,0.039266219
480,2.915012155,660,0.041744129
481,2.938494824,661,0.038973754
482,2.975073598,662,0.038039242
483,3.03829617,663,0.034293406
484,3.118182405,664,0.035693349
485,3.225254347,665,0.032325617
486,3.339506566,666,0.032933467
487,3.485821661,667,0.036408038
488,3.641620142,668,0.033014927
489,3.819094933,669,0.027141088
490,4.00560152,670,0.025762054
491,4.211526468,671,0.033826947
492,4.43280547,672,0.024565643
493,4.655439241,673,0.02342023
494,4.898394553,674,0.022240554
495,5.128705351,675,0.025678736
496,5.364435226,676,0.022444174
497,5.60242305,677,0.020072144
498,5.831830668,678,0.023497259
499,6.045432643,679,0.022500245
500,6.241422616,680,0.020466347
501,6.427026024,681,0.019555244
502,6.587340403,682,0.018473891
503,6.717398265,683,0.018594086
504,6.824876637,684,0.016954194
505,6.904356442,685,0.020714401
506,6.957644038,686,0.014220416
507,6.979771938,687,0.02129301
508,6.969385373,688,0.010800517
509,6.935967728,689,0.017026809
510,6.868680847,690,0.021424522
511,6.788297863,691,0.014813466
512,6.665013848,692,0.006034519
513,6.533149627,693,0.014141799
514,6.372835248,694,0.016464499
515,6.197618406,695,0.017202621
516,6.002983202,696,0.00320395
517,5.787123278,697,0.003412101
518,5.572618123,698,0.016578975
519,5.341404146,699,0.012039483
520,5.098900424,700,0.01398888
521,4.846461726,701,0.009533935
522,4.59041031,702,0.012656021
523,4.333455714,703,0.004516668
524,4.065617804,704,0.007573344
525,3.798321802,705,0.012006867
526,3.534141769,706,0.021112778
527,3.274929225,707,0.017995883
528,3.01792947,708,0.015607446
529,2.76824547,709,0.000411928
530,2.534773544,710,0.004961895
531,2.303559566,711,-0.002856313
532,2.083635334,712,0.005411462
533,1.883581053,713,0.006012483
534,1.690752209,714,0.012137538
535,1.515535366,715,0.001057753
536,1.343479653,716,-0.004662612
537,1.194906609,717,0.002274476
538,1.052655822,718,0.001250751
539,0.928017038,719,6.35931E-05
540,0.817377537,720,0.003120887
541,0.712157114,721,0.011443098
542,0.619581205,722,0.001535614
543,0.535133912,723,-0.017471939
544,0.465589083,724,0.00036433
545,0.40552764,725,0.010123076
546,0.358110711,726,-0.002115967
547,0.317919219,727,0.00830298
548,0.288114292,728,0.018099066
549,0.260567314,729,0.003901918
550,0.232117157,730,-0.007724228
551,0.208634487,731,-0.008489451
552,0.184248638,732,-0.006935283
553,0.161217558,733,-0.003757737
554,0.139089658,734,-0.009932383
555,0.117413348,735,-0.000334169
556,0.096640217,736,-0.021940978
557,0.076318676,737,-0.018090009
558,0.061867803,738,-0.005557261
559,0.043804211,739,-0.014000358
560,0.070448009,740,-0.007085777
561,0.054190776,741,-0.007012556
562,0.043804211,742,-0.006843197
563,0.032966055,743,0.002158428
564,0.026643798,744,-0.002636149
565,0.02167631,745,-0.017253587
566,0.017160412,746,-0.014649569
567,0.015354053,747,-0.006085339
568,0.015805643,748,-0.007735108
569,0.016257233,749,-0.011318347
570,0.012644514,750,0.000612544
571,0.010386565,751,-0.018932734
572,0.011289745,752,-0.002010093
573,0.012147766,753,0.021248679
574,0.011741335,754,-0.002984644
575,0.010386565,755,-0.00335995
576,0.010386565,756,-0.003750688
577,0.012644514,757,0.026873024
578,0.008580206,758,0.012655073
579,0.011741335,759,0.015038028
580,0.007677027,760,0.017621991
581,0.010838155,761,0.005026379
582,0.010838155,762,0.017404307
583,0.010386565,763,0.011057426
584,0.013999284,764,0.007012692
585,0.010838155,765,-0.002748726
586,0.004515898,766,0.006523369
587,0.009934976,767,0.007080198
588,0.009483386,768,0.026938631
589,0.007225437,769,0.012372672
590,0.006773847,770,0.001142033
591,0.006773847,771,0.015464423
592,0.007677027,772,-0.000224265
593,0.009934976,773,0.004419647
594,0.005419078,774,0.015809627
595,0.005419078,775,0.004999336
596,0.004967488,776,-0.018939851
597,0.006322257,777,0.023381742
598,0.006773847,778,0.03897103
599,0.003161129,779,0.038398474
600,0.005419078,780,0.028003637
601,0.006773847,781,0.035045633
602,0.005915826,782,0.033109114
603,0.001806359,783,0.020362843
604,0.004515898,784,0.013145741
605,0.002257949,785,0.016638571
606,0.003161129,786,0.017794061
607,0.002709539,787,-0.002926053
608,0.003612718,788,-0.023938285
609,0.004064308,789,0.000955772
610,0.006773847,790,-0.016191566
611,0.002709539,791,-0.005983411
612,0.002257949,792,-0.007558537
613,0.005915826,793,-0.012629608
614,0.005419078,794,0.004968014
615,0.005915826,795,0.031286385
616,0.003161129,796,-0.007464292
617,0.002709539,797,0.0157505
618,0.00045159,798,0.024516054
619,0.001806359,799,-0.018230549
620,0.004064308,800,0.028473066
621,0.004515898
622,0.003612718
623,0
624,0.002709539
625,0.001806359
626,0
627,0.002257949
628,-0.00045159
629,0.00090318
630,0.00090318
631,0
632,0.002709539
633,-0.002257949
634,0.00090318
635,-0.001354769
636,0.001354769
637,0
638,0
639,-0.002257949
640,0.002709539
641,-0.004967488
642,-0.001806359
643,-0.001354769
644,0.001806359
645,-0.001806359
646,-0.002709539
647,-0.003612718
648,-0.003161129
649,-0.004515898
650,0
