wl,abs,wl,em,Data copyright Molecular Probes
300,100,500,0.014768904
301,97.74514376,501,0.021629527
302,95.56894531,502,0.022407015
303,93.61561054,503,0.024386992
304,91.74093356,504,0.029866088
305,89.80070842,505,0.031023003
306,87.87359292,506,0.041537899
307,86.06446408,507,0.051972042
308,84.18978709,508,0.060206475
309,82.32166492,509,0.077575919
310,80.37488498,510,0.09217138
311,78.58542058,511,0.10969451
312,76.90083322,512,0.131052776
313,75.29490363,513,0.152667164
314,73.69552886,514,0.189018909
315,72.10926372,515,0.220763945
316,70.73275264,516,0.26445205
317,69.25791935,517,0.319528434
318,68.08460753,518,0.375703556
319,66.82608312,519,0.448110894
320,65.64621649,520,0.534718224
321,64.55811726,521,0.634984729
322,63.5945595,522,0.759252267
323,62.61723664,523,0.913306799
324,61.69366326,524,1.099390793
325,60.93985958,525,1.313297659
326,60.03463967,526,1.561777162
327,58.27860483,527,1.870591017
328,58.06885076,528,2.255669671
329,57.72144559,529,2.70556371
330,56.98665087,530,3.248220363
331,56.23350267,531,3.858037743
332,55.55835676,532,4.599860597
333,54.90943011,533,5.416714377
334,54.26705827,534,6.389761454
335,53.56569311,535,7.431410139
336,52.92987609,536,8.771718472
337,52.26783981,537,10.14240797
338,51.65168723,538,11.78525541
339,51.01587021,539,13.56363324
340,50.49803986,540,15.70483624
341,49.82879328,541,17.88246687
342,49.396831,542,20.61230334
343,48.88555546,543,23.2942416
344,48.38738955,544,26.51980394
345,47.876114,545,29.79679307
346,47.41727698,546,33.66171684
347,46.89944662,547,37.45012691
348,46.51271256,548,41.97405566
349,46.08009479,549,46.40388283
350,45.64092221,550,51.31937467
351,45.06372036,551,56.10473543
352,44.68146122,552,61.25354737
353,44.31212263,553,66.14132841
354,43.93963268,554,71.25181433
355,43.56336111,555,76.10835747
356,43.22364523,556,80.78253518
357,42.84926447,557,84.99113875
358,42.50765779,558,89.05964516
359,42.15281542,559,92.43984762
360,41.81530549,560,95.27302318
361,41.4576269,561,97.44114619
362,41.09553642,562,98.91657658
363,40.72903405,563,99.80769489
364,40.3833306,564,100
365,39.98689037,565,99.54763936
366,39.61534583,566,98.4492553
367,39.24254075,567,96.95282181
368,38.85271836,568,94.53388246
369,38.46384137,569,92.17266251
370,38.06929195,570,89.12661907
371,37.67663335,571,85.60984942
372,37.27042392,572,81.55849043
373,36.88186207,573,77.76789196
374,36.47313156,574,73.14349995
375,36.07889728,575,68.82201739
376,35.66291866,576,64.4033179
377,35.26899951,577,60.356787
378,34.87760144,578,55.60184186
379,34.4846277,579,51.51578721
380,34.10709559,580,47.12514646
381,33.72483644,581,43.14428314
382,33.35518272,582,39.19835735
383,32.9874198,583,35.97614886
384,32.65841852,584,32.5941194
385,31.94873379,585,29.66321804
386,31.63202279,586,26.55591311
387,31.30522746,587,24.04025843
388,30.99986134,588,21.54591845
389,30.68283521,589,19.3645659
390,30.37967503,590,17.22649236
391,30.06548512,591,15.42893985
392,29.76327035,592,13.80774927
393,29.44939557,593,12.31845278
394,29.14528999,594,10.91022425
395,28.82889413,595,9.71715401
396,28.51848584,596,8.647105058
397,28.20870782,597,7.647303311
398,27.89766926,598,6.779387957
399,27.58726097,599,6.037191988
400,27.27338619,600,5.29484087
401,26.97022602,601,4.662372766
402,26.66454476,602,4.116928795
403,26.37462026,603,3.648698349
404,26.06610278,604,3.195278122
405,25.7780691,605,2.829258805
406,25.48215704,606,2.50390616
407,25.20200174,607,2.190655546
408,24.89884156,608,1.929408498
409,24.61080788,609,1.69930606
410,24.30985365,610,1.497985039
411,24.00952969,611,1.302402483
412,23.70195762,612,1.145692169
413,23.39060393,613,1.015149401
414,23.06948104,614,0.894456678
415,22.73480733,615,0.78053152
416,22.40482913,616,0.681441741
417,22.06545991,617,0.607040394
418,21.72668944,618,0.526499201
419,21.37310761,619,0.464287378
420,21.03937931,620,0.39669298
421,20.68831856,621,0.366176133
422,20.36435946,622,0.314797548
423,20.05899333,623,0.284456075
424,19.74795477,624,0.240546169
425,19.43754648,625,0.213510509
426,19.13974361,626,0.189312885
427,18.85612182,627,0.160326299
428,18.59582005,628,0.143669387
429,18.33800784,629,0.125129636
430,18.09885165,630,0.110222
431,17.87037854,631,0.097976306
432,17.65356544,632,0.092860074
433,17.44337018,633,0.072678675
434,17.24388953,634,0.071134614
435,17.05228725,635,0.064272879
436,16.86257579,636,0.051540627
437,16.68326379,637,0.048446103
438,16.49386747,638,0.045830343
439,16.31707655,639,0.035222984
440,16.13114671,640,0.035236881
441,15.94553201,641,0.03084769
442,15.7580265,642,0.029582849
443,15.56327287,643,0.031498768
444,15.36347708,644,0.024369283
445,15.15706344,645,0.025287381
446,14.95096494,646,0.028312091
447,14.73761833,647,0.02311368
448,14.51639334,648,0.014056501
449,14.28602942,649,0.021038838
450,14.0600774,650,0.017587292
451,13.8271924,651,0.02008306
452,13.59651334,652,0.021659509
453,13.35732564,653,0.020918764
454,13.12601631,654,0.021587915
455,12.88745887,655,0.028090782
456,12.65898577,656,0.024487824
457,12.4254705,657,0.02115164
458,12.20046388,658,0.017198836
459,11.97199077,659,0.021794872
460,11.74099658,660,0.020623569
461,11.51441429,661,0.015432528
462,11.29791633,662,0.017113196
463,11.07007349,663,0.018989112
464,10.85231498,664,0.015166505
465,10.64022891,665,0.01058106
466,10.43507582,666,0.011937414
467,10.23811625,667,0.006307239
468,10.0449383,668,0.004682406
469,9.864996029,669,0.005426158
470,9.690726198,670,0.007203214
471,9.53977638,671,0.010355502
472,9.394498998,672,0.011426568
473,9.2731719,673,0.006747712
474,9.154365885,674,0.005249125
475,9.051316635,675,0.005150019
476,8.960872799,676,0.003596162
477,8.875471127,677,0.000171689
478,8.798893245,678,0.010524287
479,8.727672663,679,0.004457361
480,8.662754787,680,0.004656279
481,8.601618535,681,0.006929004
482,8.543633636,682,0.00365755
483,8.487854685,683,-0.000223542
484,8.433021139,684,0.006249922
485,8.379448135,685,-0.003710892
486,8.323038913,686,-0.006779966
487,8.264423744,687,-0.004211488
488,8.20675398,688,0.006302266
489,8.138999887,689,0.003200701
490,8.062106869,690,0.002163288
491,7.983323039,691,0.003087661
492,7.888152173,692,-0.003610774
493,7.780060758,693,0.004351124
494,7.656527713,694,-0.001980113
495,7.521649796,695,0.00659668
496,7.366918355,696,0.008867476
497,7.193278794,697,0.002681123
498,7.005458144,698,0.003640579
499,6.805662351,699,-0.006244809
500,6.588534117,700,0.002198548
501,6.361321551,701,0.003656843
502,6.11835222,702,0.00767519
503,5.877273701,703,-0.000948573
504,5.620438416,704,-0.006280896
505,5.371481514,705,0.000940675
506,5.114331094,706,0.003046572
507,4.873252575,707,0.003094502
508,4.625871349,708,0.00025523
509,4.390780401,709,0.008091397
510,4.169240272,710,-0.001566616
511,3.961250961,711,-0.004717198
512,3.768703281,712,0.001925543
513,3.594748585,713,0.003721864
514,3.44159282,714,-0.001271942
515,3.308605715,715,0.009294946
516,3.202089977,716,0.003464878
517,3.123589769,717,0.008572408
518,3.070363414,718,0.003685576
519,3.048934212,719,0.004160335
520,3.053629729,720,0.009297291
521,3.09557424,721,0.006536609
522,3.166164551,722,0.006037844
523,3.267322988,723,0.011962574
524,3.401570634,724,0.01810719
525,3.567016677,725,0.013488048
526,3.761140034,726,0.000266626
527,3.985201245,727,0.004867389
528,4.23667923,728,0.009751892
529,4.503913981,729,0.014398874
530,4.794468745,730,0.012112907
531,5.090695945,731,0.007251063
532,5.405200993,732,0.003329983
533,5.711512523,733,0.005534657
534,6.024757031,734,0.002846515
535,6.323505313,735,0.012445245
536,6.615005483,736,0.016768582
537,6.875937528,737,0.017392387
538,7.121427941,738,0.012584636
539,7.332568605,739,0.012288779
540,7.522280067,740,0.006549315
541,7.667242314,741,0.004003414
542,7.785418059,742,0.007092616
543,7.874286219,743,0.009310905
544,7.928804629,744,0.016699676
545,7.95496086,745,-0.003237235
546,7.95496086,746,-0.00128275
547,7.933846794,747,0.007304508
548,7.88563109,748,0.01630324
549,7.820398079,749,0.00842713
550,7.737202355,750,0.014016193
551,7.627220128,751,0.014412086
552,7.510935196,752,0.008555839
553,7.37196052,753,0.003606442
554,7.21439286,754,-0.000981935
555,7.033190052,755,0.019242041
556,6.831188312,756,0.016389683
557,6.60649683,757,0.013319537
558,6.356909657,758,0.023177591
559,6.089990042,759,0.011030615
560,5.804162307,760,-0.004160752
561,5.495959965,761,-0.002173076
562,5.178933834,762,0.020930205
563,4.862222838,763,0.002345569
564,4.532276159,764,0.001315063
565,4.210522999,765,0.0112312
566,3.873328207,766,0.003697664
567,3.556617211,767,-0.001692302
568,3.236439727,768,0.011320971
569,2.940527663,769,0.018290119
570,2.643355057,770,-0.006400895
571,2.373914359,771,0.009275004
572,2.112352044,772,0.014866129
573,1.872849201,773,0.018338428
574,1.652569613,774,0.010065592
575,1.449937603,775,0.002680625
576,1.266843983,776,0.010398481
577,1.09667091,777,0.024854642
578,0.952023799,778,0.021998688
579,0.820927506,779,0.020569744
580,0.70621825,780,-0.004130277
581,0.601908459,781,0.009758093
582,0.513985705,782,0.009879633
583,0.43961377,783,0.02654422
584,0.371229406,784,0.014444139
585,0.313559643,785,-2.04702E-05
586,0.264367019,786,0.010253322
587,0.221224994,787,0.027597853
588,0.185929838,788,0.02478482
589,0.154101171,789,0.02470745
590,0.131096293,790,0.018331528
591,0.107146008,791,0.013795927
592,0.092019513,792,0.011735913
593,0.075632477,793,0.006912813
594,0.064287605,794,0.009566864
595,0.052942734,795,0.007125331
596,0.046324892,796,-0.005236865
597,0.040652456,797,-0.01303853
598,0.033089209,798,0.015790242
599,0.028047043,799,0.005258749
600,0.02426542,800,0.011381935
601,0.020483796
602,0.018908119
603,0.013550819
604,0.013550819
605,0.012290277
606,0.010399466
607,0.01008433
608,0.008193518
609,0.007563248
610,0.00945406
611,0.006302706
612,0.005987571
613,0.006617842
614,0.006617842
615,0.005987571
616,0.007248112
617,0.004411894
618,0.005042165
619,0.005042165
620,0.003781624
621,0.004411894
622,0.003151353
623,0.002836218
624,0.003466489
625,0.004128273
626,0.004128273
627,0.004411894
628,0.001890812
629,0.004128273
630,0.003466489
631,0.000630271
632,0.0053573
633,0.000630271
634,0.002205947
635,0.002836218
636,0.001575677
637,0.000315135
638,0.001890812
639,0.002205947
640,-0.000315135
641,0.000315135
642,0
643,0.000945406
644,0.003781624
645,0.000945406
646,-0.001575677
647,0.001575677
648,0.003151353
649,0.002205947
650,0.000945406
