wl,abs,wl,em,Data copyright Molecular Probes
300,100,600,0.528893251
301,98.67843185,601,0.521469139
302,97.31657198,602,0.523887301
303,96.09976228,603,0.517271511
304,94.81848584,604,0.520641644
305,93.58555945,605,0.521317295
306,92.40501229,606,0.513220752
307,91.28087352,607,0.511211288
308,90.1929973,608,0.52007071
309,89.07691688,609,0.514932821
310,88.04947822,610,0.515969238
311,87.08247713,611,0.524178768
312,86.02683428,612,0.518193552
313,85.03565817,613,0.517816174
314,84.13715299,614,0.508894477
315,83.15403521,615,0.513076079
316,82.26761755,616,0.503982195
317,81.28449978,617,0.502216853
318,80.48269471,618,0.498671898
319,79.59627705,619,0.498838012
320,78.79447198,620,0.505229365
321,77.90402514,621,0.498173411
322,77.19489101,622,0.492627701
323,76.36085257,623,0.504057568
324,75.55501833,624,0.50517858
325,74.88617591,625,0.495348234
326,74.1327209,626,0.496603307
327,73.38329506,627,0.494566548
328,72.43643982,628,0.489642411
329,71.86832669,629,0.498757663
330,71.11890084,630,0.498712146
331,70.6354003,631,0.502323692
332,69.74495346,632,0.500068205
333,69.05596519,633,0.504310105
334,68.55231879,634,0.498824986
335,67.99629316,635,0.509337789
336,67.31536323,636,0.484534011
337,66.75530843,637,0.497368162
338,66.14690358,638,0.50027603
339,65.58281961,639,0.501730366
340,64.93412305,640,0.508368036
341,64.3821266,641,0.521310929
342,63.81401346,642,0.516951871
343,63.37080463,643,0.512551248
344,62.83492486,644,0.505050957
345,62.17011161,645,0.54044174
346,61.63826101,646,0.526421596
347,61.26757726,647,0.531314487
348,60.75587252,648,0.526070635
349,60.22402192,649,0.54797496
350,59.76872557,650,0.54483885
351,59.23687497,651,0.549537087
352,58.82187034,652,0.556953589
353,58.34642814,653,0.552386267
354,58.05229864,654,0.577528346
355,57.5123897,655,0.583654136
356,57.15782264,656,0.581323129
357,56.68238043,657,0.579890526
358,56.12232564,658,0.580429408
359,55.78387526,659,0.593906572
360,55.36484145,660,0.596754654
361,54.83299085,661,0.606539117
362,54.47036545,662,0.6170959
363,54.06744833,663,0.634572745
364,53.70482292,664,0.623628413
365,53.31802248,665,0.628744569
366,52.85063862,666,0.63846588
367,52.52024659,667,0.659815956
368,52.17373786,668,0.66767972
369,51.74664571,669,0.689147246
370,51.32358274,670,0.707294547
371,51.01333656,671,0.735645255
372,50.59833192,672,0.76819381
373,50.23167734,673,0.754997795
374,49.91337282,674,0.785867211
375,49.45807647,675,0.813959308
376,49.20020952,676,0.832130538
377,48.8254966,677,0.873596765
378,48.48704621,678,0.909887196
379,48.17277086,679,0.939316691
380,47.75373706,680,0.983820457
381,47.42334502,681,1.040301022
382,47.07280712,682,1.076405581
383,46.89552359,683,1.115221379
384,46.52081067,684,1.165577324
385,46.09371852,685,1.219770495
386,45.76332648,686,1.290038424
387,45.4530803,687,1.381622841
388,45.07836738,688,1.443214512
389,44.82855877,689,1.53821692
390,44.49816673,690,1.630710498
391,44.19597889,691,1.729680315
392,43.90990773,692,1.807267859
393,43.55534067,693,1.922437202
394,43.30553205,694,2.046718798
395,43.0476651,695,2.211594047
396,42.76965228,696,2.357154224
397,42.50775615,697,2.518252472
398,42.11289738,698,2.664072869
399,41.82279705,699,2.837863449
400,41.54075507,700,3.080731062
401,41.2425964,701,3.271537174
402,41.00084613,702,3.523759696
403,40.67851243,703,3.794418499
404,40.39244127,704,4.02592891
405,40.07413675,705,4.34739897
406,39.76791974,706,4.676072145
407,39.52616947,707,5.015561518
408,39.21592328,708,5.387302124
409,38.93347838,709,5.709275501
410,38.64781015,710,6.154677952
411,38.35368065,711,6.608170945
412,38.09581369,712,7.060405207
413,37.82988839,713,7.531666367
414,37.55993392,714,8.025310142
415,37.29400862,715,8.652168039
416,37.0039083,716,9.269538356
417,36.67754543,717,9.941301108
418,36.40356179,718,10.50490239
419,36.2061324,719,11.25580515
420,35.87976953,720,12.04175454
421,35.6178734,721,12.76824774
422,35.33986059,722,13.65617199
423,35.13840203,723,14.59447568
424,34.8483017,724,15.33755698
425,34.63072646,725,16.41841192
426,34.36480116,726,17.4351837
427,34.14722592,727,18.29580091
428,33.83295056,728,19.28417157
429,33.6879004,729,20.59160883
430,33.35750836,730,21.68630675
431,32.99891212,731,22.90638145
432,32.78536605,732,24.14244345
433,32.45094484,733,25.35686201
434,32.19307788,734,26.70092025
435,32.01982352,735,27.90765316
436,31.77807325,736,29.34921393
437,31.43962287,737,30.90895209
438,31.20593094,738,32.26408828
439,30.81107216,739,33.77686331
440,30.63378863,740,35.19527317
441,30.33965913,741,36.73432453
442,30.10999637,742,38.35186573
443,29.8400419,743,40.20778375
444,29.57008743,744,41.87057052
445,29.23969539,745,43.52096783
446,28.92944921,746,44.91700554
447,28.66755308,747,46.6726975
448,28.35327773,748,48.31488873
449,28.1312704,749,50.15435637
450,27.86977719,750,52.15347525
451,27.63205609,751,53.67104145
452,27.28151819,752,55.58099518
453,27.02768041,753,57.23965061
454,26.70131754,754,59.04142728
455,26.47568395,755,60.71852872
456,26.19364197,756,62.3417412
457,25.87533744,757,64.2855887
458,25.62109674,758,66.45669981
459,25.32334099,759,68.03038933
460,25.03324066,760,69.76139753
461,24.76731536,761,71.58565714
462,24.44901084,762,73.3350812
463,24.13070631,763,74.90197242
464,23.78016842,764,76.43353938
465,23.49812644,765,77.61196
466,23.18788025,766,79.436311
467,22.85345904,767,80.7889132
468,22.46665861,768,82.34131835
469,22.1604416,769,83.58168899
470,21.76155365,770,85.23092827
471,21.44727829,771,86.33535079
472,21.06450703,772,87.47423415
473,20.72605665,773,88.25787559
474,20.37954793,774,89.04371755
475,20.05318506,775,90.87319079
476,19.75905556,776,91.7577114
477,19.32390507,777,92.93506691
478,18.94113381,778,93.84387415
479,18.59059591,779,94.68643209
480,18.26826222,780,95.55185394
481,17.87743261,781,95.94041272
482,17.49063218,782,96.76511417
483,17.14815263,783,97.5522175
484,16.78149805,784,98.5235948
485,16.43498932,785,98.64439927
486,16.09250977,786,98.63400802
487,15.81046779,787,99.5635985
488,15.43978404,788,99.73120035
489,15.08521697,789,99.7018998
490,14.7588541,790,99.3020488
491,14.50904549,791,99.58390476
492,14.27132439,792,100
493,13.98122406,793,99.68334102
494,13.66694871,794,98.89645598
495,13.3889359,795,98.72909092
496,13.11092308,796,98.45854657
497,12.78858939,797,98.23556123
498,12.57101414,798,97.85319454
499,12.39775978,799,96.65831301
500,12.1157178,800,95.24459019
501,11.86188001,801,94.37683558
502,11.64833394,802,93.01739755
503,11.38240864,803,91.72989335
504,11.28167936,804,90.91199334
505,11.14065837,805,89.08067895
506,11.00366655,806,87.17841205
507,10.7578871,807,85.7546324
508,10.520166,808,84.07699076
509,10.39526169,809,82.12613596
510,10.3106491,810,80.67185579
511,10.19783231,811,78.11379025
512,10.12530722,812,76.40949943
513,10.04069463,813,74.00186559
514,9.883556952,814,72.32063457
515,9.77476933,815,69.48216104
516,9.625689996,816,67.09569389
517,9.516902373,817,64.76795197
518,9.444377292,818,62.32981687
519,9.375881381,819,59.7731
520,9.279181272,820,57.40577252
521,9.190539506,821,54.85240792
522,9.005197631,822,52.72357217
523,8.86820581,823,49.80740937
524,8.860147468,824,47.15998271
525,8.775534872,825,44.22671167
526,8.654659736,826,41.87275817
527,8.529755429,827,39.30887133
528,8.408880293,828,36.5395472
529,8.308151013,829,33.85411563
530,8.187275877,830,31.4004178
531,8.122809138,831,29.27363321
532,8.050284057,832,26.99781097
533,7.945525605,833,24.70164382
534,7.873000524,834,22.77745503
535,7.784358757,835,20.55096417
536,7.679600306,836,18.90593862
537,7.506345945,837,17.01823119
538,7.425762521,838,15.59756672
539,7.413675007,839,14.0242379
540,7.284741529,840,12.61461012
541,7.216245618,841,11.566276
542,7.147749708,842,10.1235067
543,7.095370482,843,9.222879137
544,6.950320319,844,8.257441613
545,6.914057778,845,7.403732026
546,6.869736895,846,6.552069222
547,6.744832588,847,5.784372876
548,6.664249164,848,5.153443728
549,6.591724082,849,4.620431662
550,6.454732262,850,4.066957607
551,6.41444055,851,3.560775466
552,6.422498892,852,3.076904519
553,6.329827954,853,2.79169679
554,6.257302873,854,2.480283342
555,6.24924453,855,2.228458614
556,6.14851525,856,1.824655208
557,6.124340223,857,1.728519275
558,5.991377574,858,1.450859841
559,5.959144204,859,1.206680735
560,5.951085862,860,1.184383445
561,5.802006527,861,1.08176981
562,5.797977356,862,0.764489694
563,5.721423103,863,0.697721495
564,5.70933559,864,0.638402069
565,5.652927193,865,0.548783356
566,5.588460454,866,0.478277964
567,5.57637294,867,0.390076706
568,5.556227084,868,0.35793041
569,5.528022886,869,0.339799866
570,5.419235263,870,0.322090096
571,5.387001894,871,0.390900688
572,5.382972723,872,0.264053478
573,5.241951731,873,0.213557836
574,5.225835046,874,0.206454463
575,5.157339135,875,0.197105261
576,5.185543334,876,0.075356351
577,5.129134937,877,0.153471507
578,5.076755711,878,0.039468471
579,5.064668198,879,0.173665665
580,5.048551513,880,0.089611395
581,5.012288972,881,0.069255514
582,4.887384665,882,0.086627935
583,4.919618035,883,0.064222342
584,4.931705548,884,0.1255344
585,4.859180467,885,0.008517901
586,4.806801241,886,-0.078489095
587,4.730246988,887,-0.046836749
588,4.814859583,888,0.002873694
589,4.746363673,889,0.041295722
590,4.637576051,890,-0.126458636
591,4.653692735,891,-0.004560443
592,4.609371852,892,-0.085071442
593,4.605342681,893,0.099989478
594,4.508642572,894,-0.060439047
595,4.452234175,895,0.06745168
596,4.444175833,896,0.002924187
597,4.387767436,897,-0.086740629
598,4.319271526,898,-0.034286748
599,4.359563238,899,-0.083965725
600,4.363592409,900,0.069739219
601,4.295096499,,
602,4.194367219,,
603,4.222571417
604,4.113783795
605,4.178250534
606,4.133929651
607,4.033200371
608,4.069462911
609,3.99693783
610,3.892179379
611,3.835770982
612,3.872033523
613,3.867601434
614,3.791450099
615,3.787420928
616,3.778959668
617,3.694347073
618,3.654458278
619,3.618195737
620,3.565816512
621,3.504976026
622,3.469116403
623,3.436480116
624,3.416737177
625,3.344212096
626,3.295862041
627,3.303920384
628,3.230992385
629,3.162496474
630,3.170957734
631,3.138724364
632,3.12260768
633,3.042024256
634,3.046053427
635,3.017849228
636,2.953382489
637,2.933236633
638,2.892944921
639,2.852653209
640,2.82041984
641,2.784157299
642,2.832507353
643,2.7559531
644,2.711632217
645,2.711632217
646,2.679398848
647,2.699544704
648,2.614932108
649,2.55449454
650,2.526290342
651,2.498086144
652,2.530319513
653,2.477940288
654,2.457794432
655,2.477940288
656,2.457794432
657,2.397356864
658,2.41750272
659,2.377211008
660,2.336919296
661,2.296627584
662,2.272452557
663,2.159635763
664,2.228131673
665,2.127402393
666,2.171723277
667,2.163664934
668,2.062935654
669,2.099198195
670,2.058906483
671,2.046818969
672,1.986381401
673,1.917885491
674,1.925943833
675,1.954148032
676,1.942060518
677,1.921914662
678,1.901768806
679,1.788952013
680,1.736572787
681,1.748660301
682,1.664047705
683,1.688222733
684,1.603610137
685,1.639872678
686,1.627785165
687,1.563318425
688,1.567347597
689,1.474676659
690,1.466618317
691,1.486764173
692,1.458559974
693,1.398122406
694,1.373947379
695,1.305451469
696,1.293363955
697,1.261130585
698,1.220838873
699,1.212780531
700,1.285305613
701,1.253072243
702,1.245013901
703,1.224868045
704,1.172488819
705,1.188605504
706,1.132197107
707,1.091905395
708,1.116080422
709,1.103992909
710,1.059672025
711,1.07578871
712,1.083847053
713,1.071759539
714,1.015351142
715,1.035496998
716,0.999234457
717,1.023409485
718,0.926709376
719,0.971030259
720,0.967001088
721,0.97505943
722,0.938796889
723,0.910592691
724,0.914621862
725,0.962971917
726,0.97505943
727,0.971030259
728,0.995205286
729,0.938796889
730,0.902534349
731,0.894476006
732,0.938796889
733,0.934767718
734,0.930738547
735,0.922680205
736,0.930738547
737,0.870300979
738,0.934767718
739,0.914621862
740,0.870300979
741,0.950884403
742,0.870300979
743,0.90656352
744,0.878359321
745,0.87433015
746,0.858213465
747,0.817921753
748,0.894476006
749,0.830009267
750,0.821950925
751,0.846125952
752,0.838067609
753,0.886417664
754,0.846125952
755,0.830009267
756,0.781659213
757,0.757484186
758,0.745396672
759,0.741367501
760,0.785688384
761,0.789717555
762,0.797775897
763,0.801805069
764,0.77360087
765,0.721221645
766,0.809863411
767,0.693017446
768,0.725250816
769,0.741367501
770,0.640638221
771,0.656754906
772,0.648696563
773,0.652725734
774,0.693017446
775,0.632579878
776,0.660784077
777,0.576171482
778,0.576171482
779,0.53587977
780,0.564083968
781,0.527821427
782,0.519763085
783,0.560054797
784,0.564083968
785,0.511704742
786,0.495588058
787,0.511704742
788,0.439179661
789,0.427092147
790,0.423062976
791,0.439179661
792,0.475442202
793,0.47141303
794,0.451267174
795,0.398887949
796,0.443208832
797,0.459325517
798,0.382771264
799,0.382771264
800,0.431121318
