wl,abs,wl,em
250,67.84099,550,1.027871
251,67.48909,551,1.055846
252,67.67772,552,1.188452
253,68.14488,553,1.348509
254,68.73403,554,1.611802
255,69.42148,555,1.876839
256,70.28267,556,2.181252
257,71.4901,557,2.590585
258,72.87736,558,3.147588
259,74.29018,559,3.806372
260,75.65019,560,4.609685
261,76.91212,561,5.521642
262,78.36246,562,6.658389
263,79.52567,563,8.007131
264,80.90244,564,9.403215
265,82.0384,565,11.07876
266,83.02996,566,12.93181
267,83.57278,567,15.12382
268,84.33338,568,17.57418
269,84.96004,569,20.26928
270,85.33331,570,23.44967
271,85.77324,571,26.91086
272,86.5047,572,31.08335
273,87.33487,573,35.31918
274,88.15205,574,39.50523
275,88.95687,575,44.24752
276,89.4955,576,49.15545
277,89.86878,577,54.16336
278,90.07816,578,59.18831
279,90.02785,579,64.36436
280,89.74512,580,69.19012
281,89.46428,581,74.11649
282,89.40748,582,78.86169
283,89.16855,583,82.96723
284,88.35326,584,86.96333
285,85.97234,585,90.57818
286,82.05727,586,93.33876
287,77.94936,587,95.54857
288,73.98398,588,97.50549
289,71.07512,589,98.45148
290,69.03374,590,99.42002
291,66.72179,591,100
292,63.20492,592,99.21821
293,58.5458,593,98.46799
294,53.65614,594,97.74832
295,49.04942,595,95.91544
296,45.34204,596,94.0774
297,41.91948,597,91.69485
298,39.05862,598,89.63725
299,36.54127,599,87.1727
300,34.2507,600,84.18878
301,32.31202,601,81.64059
302,30.68562,602,78.97451
303,29.36711,603,76.0901
304,28.27747,604,73.27031
305,27.53763,605,70.11115
306,26.89629,606,67.25575
307,26.59658,607,64.68082
308,26.12501,608,61.97071
309,25.84605,609,59.36547
310,25.59056,610,56.53811
311,25.35792,611,54.32784
312,24.966,612,51.79634
313,24.56568,613,49.50674
314,24.13163,614,47.27547
315,23.33939,615,45.09765
316,22.53667,616,43.53476
317,21.80102,617,41.50368
318,20.88953,618,39.7566
319,19.80177,619,37.91599
320,18.89405,620,36.36189
321,17.95741,621,35.01338
322,17.01615,622,33.6783
323,16.15265,623,32.83672
324,15.2705,624,31.87352
325,14.52647,625,30.99658
326,13.87675,626,30.1878
327,13.14927,627,29.28457
328,12.483,628,28.62171
329,11.43716,629,28.12351
330,10.84801,630,27.38999
331,10.36386,631,27.0918
332,9.890198,632,26.6531
333,9.454257,633,26.30303
334,9.131702,634,25.88846
335,8.844358,635,25.39282
336,8.53438,636,25.32983
337,8.333177,637,25.16169
338,8.167603,638,24.8917
339,8.060714,639,24.66808
340,7.872085,640,24.36814
341,7.802712,641,24.06269
342,7.66669,642,23.64422
343,7.551207,643,23.66882
344,7.517883,644,23.11159
345,7.452911,645,22.86144
346,7.425456,646,22.52684
347,7.549112,647,22.15153
348,7.643426,648,21.65205
349,7.790346,649,21.40429
350,8.022779,650,20.98105
351,8.24515,651,20.30179
352,8.515517,652,19.91311
353,8.724895,653,19.3283
354,8.879989,654,18.98388
355,8.949362,655,18.44444
356,8.876007,656,18.08629
357,8.706241,657,17.44379
358,8.465007,658,17.07901
359,8.070983,659,16.58435
360,7.578454,660,15.92237
361,7.023048,661,15.45976
362,6.537016,662,14.86867
363,5.929005,663,14.40833
364,5.367311,664,13.90315
365,4.853823,665,13.51028
366,4.361504,666,12.98433
367,3.91697,667,12.54243
368,3.569265,668,12.06609
369,3.212758,669,11.70457
370,2.982212,670,11.14297
371,2.764452,671,10.62016
372,2.475222,672,10.3909
373,2.315726,673,9.898568
374,2.183896,674,9.409438
375,1.965716,675,9.096826
376,1.798256,676,8.439147
377,1.821101,677,8.268562
378,1.71002,678,7.80607
379,1.662024,679,7.513639
380,1.649239,680,7.28943
381,1.605436,681,7.046843
382,1.596843,682,6.829555
383,1.494145,683,6.607847
384,1.330667,684,6.394398
385,1.773105,685,6.217474
386,1.756129,686,6.058753
387,1.806639,687,5.887994
388,1.814813,688,5.745618
389,1.85694,689,5.546418
390,1.879785,690,5.346462
391,1.942871,691,5.228861
392,1.986675,692,5.148367
393,2.076797,693,4.967256
394,2.173416,694,4.823076
395,2.27821,695,4.73979
396,2.386986,696,4.609743
397,2.540194,697,4.502728
398,2.594686,698,4.398272
399,2.695288,699,4.209017
400,2.781009,700,4.124568
401,2.812447,,
402,2.862748,,
403,2.816639,,
404,2.78541,,
405,2.714151,,
406,2.630316,,
407,2.625915,,
408,2.569536,,
409,2.560943
410,2.519235
411,2.485491
412,2.468934
413,2.426807
414,2.372314
415,2.357853
416,2.311534
417,2.299169
418,2.25306
419,2.267731
420,2.229795
421,2.250754
422,2.265425
423,2.315726
424,2.254946
425,2.240275
426,2.254946
427,2.231891
428,2.225604
429,2.21722
430,2.231891
431,2.240275
432,2.238389
433,2.210932
434,2.188087
435,2.213238
436,2.112636
437,2.051646
438,2.020208
439,1.911223
440,1.839964
441,1.808735
442,1.682983
443,1.61361
444,1.540464
445,1.454533
446,1.433365
447,1.37489
448,1.270097
449,1.225874
450,1.18207
451,1.123176
452,1.077277
453,1.106619
454,1.043743
455,1.03515
456,1.039551
457,1.058204
458,1.041647
459,1.123176
460,1.117098
461,1.165094
462,1.207221
463,1.267791
464,1.307822
465,1.412616
466,1.431269
467,1.540464
468,1.620107
469,1.739362
470,1.821101
471,1.974309
472,2.037185
473,2.202759
474,2.336685
475,2.50645
476,2.676215
477,2.886012
478,3.066257
479,3.27773
480,3.518965
481,3.789122
482,4.024069
483,4.342432
484,4.598337
485,4.935772
486,5.235272
487,5.541478
488,5.861937
489,6.209851
490,6.549592
491,6.910081
492,7.222365
493,7.566088
494,7.86978
495,8.215808
496,8.469408
497,8.733277
498,9.051849
499,9.345481
500,9.622136
501,9.97005
502,10.31775
503,10.7036
504,11.12047
505,11.6195
506,12.13697
507,12.75735
508,13.3465
509,14.11568
510,14.89534
511,15.80495
512,16.72504
513,17.80022
514,18.92759
515,20.18951
516,21.5076
517,22.89528
518,24.37496
519,25.89216
520,27.45149
521,29.09486
522,30.75479
523,32.33926
524,33.995
525,35.62349
526,37.15746
527,38.60172
528,40.00784
529,41.26746
530,42.37009
531,43.31324
532,44.10966
533,44.72355
534,45.1073
535,45.26218
536,45.23095
537,45.04023
538,44.71725
539,44.23122
540,43.72172
541,43.21682
542,42.75133
543,42.35102
544,42.09533
545,42.01987
546,42.15631
547,42.48537
548,43.0261
549,43.8372
550,44.83882
551,46.18646
552,47.72483
553,49.51072
554,51.58353
555,53.9307
556,56.45203
557,59.25652
558,62.22824
559,65.39951
560,68.7026
561,72.12096
562,75.53722
563,79.01197
564,82.3488
565,85.57854
566,88.62991
567,91.41322
568,93.88216
569,96.043
570,97.7679
571,98.99189
572,99.80718
573,100
574,99.58502
575,98.6293
576,96.98425
577,94.73539
578,91.95605
579,88.68671
580,84.92651
581,80.74734
582,76.38815
583,71.68292
584,66.93159
585,62.02516
586,57.26523
587,52.49084
588,47.88831
589,43.52282
590,39.38977
591,35.48516
592,31.67487
593,28.35061
594,25.18585
595,22.32289
596,19.69069
597,17.41039
598,15.29565
599,13.40916
600,11.77019
601,10.28003
602,9.024814
603,7.838342
604,6.840708
605,5.926909
606,5.164012
607,4.455818
608,3.91697
609,3.340606
610,2.90257
611,2.512738
612,2.145961
613,1.875593
614,1.594957
615,1.383064
616,1.179974
617,1.022575
618,0.9093977
619,0.769184
620,0.6622947
621,0.5237577
622,0.4483064
623,0.3500102
624,0.3018052
625,0.1800352
626,0.1529985
627,0.0817389
628,5.87E-02
629,0
630,-6.06E-02
631,-7.10E-02
632,-0.1089852
633,-0.1571902
634,-0.182131
635,-0.2284498
636,-0.2473126
637,-0.2806369
638,-0.3059969
639,-0.3080928
640,-0.3330336
641,-0.3707592
642,-0.3602799
643,-0.4107904
644,-0.4128863
645,-0.4608817
646,-0.4336353
647,-0.4820499
648,-0.4797445
649,-0.5237577
650,-0.4776486
651,-0.5300453
652,-0.5323508
653,-0.5614834
654,-0.5551957
655,-0.5721723
656,-0.5698668
657,-0.6264553
658,-0.6287608
659,-0.6182814
660,-0.6539112
661,-0.6893314
662,-0.6704686
663,-0.7207695
664,-0.7335542
665,-0.7251708
666,-0.7440336
667,-0.7754716
668,-0.7524171
669,-0.7901427
670,-0.8108918
671,-0.840234
672,-0.8886486
673,-0.9158949
674,-0.9012238
675,-0.8907445
Data Copyright MP Inc.