wl,ex,wl,em
250,17.07206527,490,1.218439485
251,14.67442212,491,1.387115165
252,14.23931107,492,1.461296628
253,14.14110893,493,1.709545529
254,13.77549479,494,2.010099365
255,14.36924007,495,2.213715589
256,14.43118296,496,2.451539339
257,13.57757969,497,3.018406907
258,13.69391147,498,3.70092849
259,14.21362744,499,4.420915459
260,13.95981266,500,5.437367649
261,13.94923704,501,7.00439811
262,14.60039281,502,8.517673888
263,14.47499622,503,10.47401857
264,14.85420758,504,12.96465222
265,14.85118598,505,15.7680404
266,15.7425593,506,19.04218928
267,15.34975072,507,22.88646359
268,15.92385557,508,27.18683825
269,15.96917963,509,31.56865939
270,16.19579997,510,36.53689526
271,16.37709624,511,42.07525656
272,16.70947273,512,48.0697182
273,17.20803747,513,54.17820492
274,17.63106209,514,60.88939567
275,17.70660221,515,66.78612152
276,17.9030065,516,72.74800456
277,18.37135519,517,78.46554813
278,18.47711135,518,83.4989412
279,18.4468953,519,87.57126568
280,18.43178728,520,91.57843297
281,18.74905575,521,95.2598143
282,18.26559903,522,97.88239127
283,19.00589213,523,99.10408861
284,19.11164829,524,99.88597491
285,18.53754344,525,99.60905685
286,18.65840761,526,100
287,18.7188397,527,99.2018244
288,18.37135519,528,97.76836618
289,18.14473485,529,96.77471901
290,18.0389787,530,94.90144975
291,17.69149418,531,92.96302329
292,17.41954978,532,91.46440788
293,16.7547968,533,89.26535266
294,16.67925669,534,87.3920834
295,16.70947273,535,84.88353152
296,15.72745128,536,83.36862681
297,15.51593896,537,81.16957159
298,15.0672307,538,79.05196286
299,14.35262124,539,76.96693273
300,14.12902251,540,75.69636749
301,13.70297628,541,73.04121192
302,13.43858589,542,71.80322528
303,12.79649494,543,70.35347777
304,12.67109835,544,69.05033393
305,12.41879438,545,67.58429712
306,12.15289319,546,66.41146767
307,11.64224203,547,65.02687734
308,11.45037015,548,63.83775859
309,11.00015108,549,62.76266493
310,10.46230548,550,62.11109301
311,10.06043209,551,61.3943639
312,9.829279347,552,60.20524515
313,9.338268621,553,59.65140902
314,8.85783351,554,58.59260466
315,8.285239462,555,58.12021502
316,7.974014202,556,57.07769995
317,7.547967971,557,56.7193354
318,7.115878532,558,55.97002769
319,6.753285995,559,55.04153771
320,6.407312283,560,54.47141228
321,5.899682732,561,53.31487213
322,5.866445082,562,52.38638215
323,5.707810848,563,51.60449585
324,5.330110289,564,50.67600586
325,5.17600846,565,50.15474833
326,4.899531651,566,49.50317641
327,4.684997734,567,48.60726503
328,4.724278592,568,47.61361785
329,4.632119656,569,46.76657436
330,4.372261671,570,45.80550578
331,4.31787279,571,44.69783352
332,4.080676839,572,43.37840039
333,3.896358967,573,42.56393549
334,3.953769452,574,41.09789868
335,3.659163016,575,40.28343378
336,3.570025684,576,39.27349731
337,3.338872942,577,38.21469295
338,3.275419248,578,37.10702069
339,3.008007252,579,36.2111093
340,2.914337513,580,35.02199055
341,2.84484061,581,34.10978987
342,2.652968726,582,32.96953901
343,2.541169361,583,32.12249552
344,2.424837589,584,31.35689852
345,2.231454903,585,30.28180485
346,2.109079921,586,29.01123962
347,2.009366974,587,28.3107998
348,1.942891675,588,27.67551719
349,1.862819157,589,26.68187001
350,1.755552198,590,25.91627301
351,1.731379362,591,25.24841179
352,1.604471975,592,24.74344356
353,1.646774437,593,24.07558234
354,1.489197764,594,23.29369604
355,1.508384952,595,22.60954553
356,1.462003324,596,22.10457729
357,1.403233117,597,21.68105555
358,1.376945158,598,21.12721942
359,1.361534975,599,20.5082261
360,1.341290225,600,20.03583646
361,1.306995014,601,19.7100505
362,1.354434205,602,19.05847858
363,1.307146095,603,18.60237824
364,1.349599637,604,18.29288158
365,1.326937604,605,17.69017755
366,1.302311527,606,17.08747353
367,1.245656444,607,16.61508389
368,1.286599184,608,16.24205897
369,1.305937453,609,15.83156866
370,1.240066475,610,15.46994625
371,1.240519716,611,15.10017918
372,1.275117087,612,14.69946245
373,1.300649645,613,14.38996579
374,1.179483306,614,13.78400391
375,1.212418794,615,13.62762665
376,1.160296117,616,13.27414888
377,1.183562472,617,12.92718684
378,1.225713854,618,12.37335071
379,1.166037166,619,11.95634468
380,1.125245505,620,11.67779769
381,1.081432241,621,11.10930119
382,1.096691343,622,10.765597
383,1.107720199,623,10.60759081
384,1.113159087,624,10.32578596
385,1.034144131,625,10.01791823
386,1.014654782,626,9.724710865
387,0.999395679,627,9.517836781
388,0.989273304,628,9.175761525
389,0.980963892,629,8.933050986
390,0.969632875,630,8.672422219
391,0.947121922,631,8.447629907
392,0.954222692,632,8.245642613
393,0.928841215,633,8.006189933
394,0.892430881,634,7.800944779
395,0.897567608,635,7.773252973
396,0.91192023,636,7.550089591
397,0.915999396,637,7.312265841
398,0.856775948,638,7.255253299
399,0.916301556,639,7.16566216
400,0.938510349,640,6.756800782
401,0.944100317,641,6.681870011
402,0.923704487,642,6.505945594
403,0.897265448,643,6.403323017
404,0.954524853,644,6.193191073
405,0.92536637,645,5.927675517
406,0.970388276,646,5.841342238
407,0.950445687,647,5.720801433
408,0.999546759,648,5.621436716
409,0.978395528,649,5.51392735
410,1.03384197,650,5.220719987
411,1.026136879,651,5.19302818
412,1.083547364,652,5.044795569
413,1.085058166,653,4.950317641
414,1.151533464,654,4.749959277
415,1.254419097,655,4.733669979
416,1.274966007,656,4.56914807
417,1.362441456,657,4.554487702
418,1.412751171,658,4.368789705
419,1.512313038,659,4.197752077
420,1.598428766,660,4.17006027
421,1.664904064,661,4.046261606
422,1.746487385,662,3.953412608
423,1.85828675,663,3.824727154
424,1.948934884,664,3.852418961
425,2.051669436,665,3.77911712
426,2.255627738,666,3.586903404
427,2.310016619,667,3.575500896
428,2.429369995,668,3.355595374
429,2.544190965,669,3.362111093
430,2.761746487,670,3.254601727
431,2.982323614,671,3.197589184
432,3.174195498,672,3.104740186
433,3.483909956,673,2.979312592
434,3.668227829,674,2.91252647
435,3.941683034,675,2.972796872
436,4.186432996,676,2.897866102
437,4.461399003,677,2.783841016
438,4.795286297,678,2.682847369
439,5.129173591,679,2.75940707
440,5.497809337,680,2.642124124
441,5.943495996,681,2.552532986
442,6.315153346,682,2.539501547
443,6.733645566,683,2.409187164
444,7.205015863,684,2.4385079
445,7.830487989,685,2.28375957
446,8.501284182,686,2.236520606
447,9.262728509,687,2.269099202
448,9.711436773,688,2.153445187
449,10.23870675,689,2.153445187
450,10.82640882,690,2.036162241
451,11.52439946,691,2.153445187
452,12.07130987,692,2.039420101
453,12.58649343,693,2.041049031
454,13.31470011,694,2.151816257
455,14.06254721,695,1.964489331
456,14.7303218,696,1.910734647
457,15.53104699,697,1.938426454
458,16.12025986,698,1.852093175
459,17.04184922,699,1.785307053
460,17.91811452,700,1.786935983
461,18.88502795,,
462,20.03323765,,
463,21.07569119,,
464,22.39008914,,
465,23.41743466,,
466,24.91312887,,
467,26.27285088,,
468,27.46638465,,
469,28.87143073,,
470,30.32180088,,
471,31.93835927,,
472,33.50959359,,
473,34.79377549
474,36.25925366
475,37.7700559
476,39.28085814
477,40.80676839
478,42.2269225
479,43.82837287
480,45.30895906
481,46.74422118
482,47.59027043
483,49.16150476
484,50.02266203
485,50.61187491
486,52.2284333
487,53.46729113
488,55.15938964
489,56.2169512
490,57.7730775
491,59.20833963
492,60.6738178
493,62.19972806
494,64.63211966
495,66.77745883
496,69.61776703
497,72.33721106
498,75.22284333
499,78.44085209
500,81.46245656
501,84.42362895
502,87.18839704
503,90.51216196
504,92.65750113
505,95.39205318
506,97.59782444
507,99.09351866
508,99.77337966
509,100
510,99.35035504
511,97.80933676
512,95.83018583
513,92.86901345
514,88.94092763
515,84.22722466
516,77.89696329
517,72.05015863
518,66.52062245
519,59.3896359
520,52.40972957
521,46.72911316
522,41.72835776
523,36.47076598
524,31.51533464
525,27.43616861
526,23.61383895
527,19.85194138
528,17.0267412
529,14.461399
530,12.29037619
531,10.32482248
532,8.351714761
533,6.967819912
534,5.913279952
535,5.0672307
536,4.316361988
537,3.766429974
538,3.308656897
539,2.829732588
540,2.563831394
Data copyright Molecular Probes, Inc.