wl,abs,wl,em
450,2.4965412,540,0.4158897
451,2.5307675,541,0.4496571
452,2.6111792,542,0.4833166
453,2.6881112,543,0.5190722
454,2.8141999,544,0.5878092
455,3.0009748,545,0.6916853
456,3.1497029,546,0.8189874
457,3.3487407,547,0.9549202
458,3.5789077,548,1.0945519
459,3.7757444,549,1.3115512
460,3.9593749,550,1.5596825
461,4.2068358,551,1.8854897
462,4.3804044,552,2.2402712
463,4.5860453,553,2.6702628
464,4.7558406,554,3.1575865
465,4.989152,555,3.7675888
466,5.2196334,556,4.4244432
467,5.448857,557,5.2150728
468,5.7233594,558,6.0947831
469,6.0211301,559,7.1199815
470,6.2380907,560,8.361871
471,6.5031601,561,9.7634276
472,6.7006257,562,11.3792094
473,7.0134893,563,13.1765431
474,7.2905072,564,15.2682438
475,7.6162626,565,17.609617
476,8.035091,566,20.2287123
477,8.4969971,567,23.0558681
478,8.9488413,568,26.1404023
479,9.5428104,569,29.509748
480,9.9830205,570,33.3300455
481,10.5543502,571,37.2576096
482,11.066566,572,41.4712183
483,11.5275288,573,45.9126146
484,12.1070339,574,50.4051784
485,12.647549,575,55.1021037
486,13.139012,576,59.5176081
487,13.724177,577,64.0545581
488,14.3275792,578,68.5002697
489,14.8118102,579,72.8954304
490,15.4174135,580,77.029822
491,15.8799484,581,80.9120752
492,16.3905921,582,84.5930492
493,16.8160236,583,88.1436387
494,17.2722699,584,91.2106034
495,17.6766343,585,93.8574401
496,18.15269,586,95.7934808
497,18.446373,587,97.5091315
498,18.7623809,588,98.857363
499,19.2145395,589,99.5302458
500,19.5387228,590,100
501,19.8154262,591,99.8779379
502,20.2232494,592,99.4491793
503,20.5326542,593,98.8373276
504,21.1432884,594,97.7544887
505,21.7337987,595,96.5640749
506,22.1120649,596,95.2380365
507,22.8796025,597,93.5220775
508,23.7446153,598,91.3147877
509,24.4608999,599,89.0529398
510,25.3048455,600,86.9513755
511,26.0541458,601,84.6812052
512,26.8987202,602,82.3811359
513,27.8772443,603,80
514,28.7611232,604,77.8367882
515,29.7116624,605,76.1784696
516,30.7672232,606,74.2146875
517,31.9463573,607,72.2003545
518,33.2355438,608,70.5361794
519,34.4354306,609,68.7212761
520,35.7686382,610,67.1742313
521,37.0653712,611,65.5156045
522,38.3630475,612,63.9657856
523,39.7654309,613,62.8120521
524,41.1338553,614,61.7196579
525,42.5120272,615,60.3991678
526,44.0452159,616,59.2781074
527,45.4837594,617,58.3358249
528,47.0892683,618,57.5821839
529,48.380027,619,56.8797103
530,49.5236298,620,56.4709871
531,50.5461749,621,55.84434
532,51.6407257,622,55.5274717
533,52.6161054,623,55.2648532
534,53.5421187,624,55.0826847
535,54.2596611,625,54.814518
536,55.1265604,626,54.4825461
537,55.9271138,627,54.1989674
538,56.6720121,628,54.071357
539,57.4643902,629,53.709486
540,58.1797315,630,53.4770748
541,59.1934723,631,53.1873314
542,60.1113102,632,53.035062
543,61.145175,633,52.8747785
544,62.3941138,634,52.5850351
545,63.7807754,635,52.2524466
546,64.8165267,636,51.9103028
547,65.9541553,637,51.5740156
548,66.7877244,638,51.1572783
549,68.0831997,639,50.5592972
550,69.4308713,640,50.1678354
551,70.812502,641,49.4749172
552,72.2051379,642,48.8744702
553,73.7439864,643,48.3905371
554,75.6038739,644,47.8653001
555,77.6750621,645,47.1773137
556,79.1856114,646,46.5216922
557,80.7618778,647,45.7119519
558,83.1739144,648,45.1330816
559,85.5450744,649,44.3140942
560,88.0533283,650,43.5721661
561,90.1235733,651,42.6973877
562,92.2381536,652,41.8337058
563,94.5546018,653,40.9743392
564,96.574537,654,40.1445635
565,97.9328994,655,39.2713262
566,98.7812471,656,38.677044
567,99.63777,657,37.8189104
568,100,658,37.1207521
569,99.9138446,659,36.4759189
570,99.8846021,660,35.9990753
571,99.5601044,661,35.4279109
572,98.2514228,662,34.8142098
573,97.1298305,663,34.0473145
574,95.1954218,664,33.6204053
575,93.4930667,665,33.0853048
576,91.4017546,666,32.4521846
577,88.3781404,667,31.7907066
578,84.6288086,668,31.2290976
579,80.9341886,669,30.7667411
580,76.9248184,670,30.3990136
581,72.7761532,671,29.9409725
582,68.2548816,672,29.4040225
583,63.7342389,673,29.0880789
584,59.1359306,674,28.6734993
585,54.9077131,675,28.1763119
586,50.8496054,676,27.7845419
587,46.6672955,677,27.3678046
588,42.5073106,678,27.0133313
589,38.3696507,679,26.776913
590,34.6621388,680,26.3604839
591,31.2130931,681,26.0676582
592,28.0303745,682,25.7890113
593,24.8941924,683,25.3938507
594,22.0507499,684,25.0871542
595,19.5871459,685,24.6617862
596,17.5656385,686,24.2755645
597,15.395403,687,23.9608538
598,13.5927428,688,23.6362796
599,12.0677295,689,23.3687293
600,10.6184951,690,23.0842259
601,9.4406188,691,22.7766048
602,8.2885262,692,22.5559066
603,7.4096783,693,22.2976035
604,6.6034651,694,22.0655005
605,5.8642266,695,21.7168837
606,5.1976229,696,21.4302227
607,4.6539635,697,21.1836326
608,4.1313713,698,20.9308777
609,3.7895796,699,20.6537721
610,3.2550388,700,20.3350543
611,2.8594787,701,20.0397627
612,2.5488161,702,19.8945827
613,2.2554476,703,19.6486091
614,2.016162,704,19.4285274
615,1.8098921,705,19.1677583
616,1.6114832,706,18.9615474
617,1.4932554,707,18.7423904
618,1.3969332,708,18.6320413
619,1.3461623,709,18.4045619
620,1.3189793,710,18.1931109
,,711,17.817061
,,712,17.6792787
,,713,17.378747
,,714,17.0930107
,,715,16.7567234
,,716,16.4974956
,,717,16.2586114
,,718,16.1494953
,,719,15.8911921
,,720,15.7272097
,,721,15.6042229
,,722,15.3819835
,,723,15.1791631
,,724,14.8829468
,,725,14.7426986
,,726,14.5571396
,,727,14.3629498
,,728,14.1444093
,,729,13.9782692
,,730,13.7116437
,,731,13.6210218
,,732,13.3371349
,,733,13.0905448
,,734,12.8864915
,,735,12.7092548
,,736,12.5548278
,,737,12.3843724
,,738,12.1874085
,,739,12.057024
,,740,11.843107
,,741,11.68868
,,742,11.4479464
,,743,11.2143022
,,744,11.163443
,,745,11.0139478
,,746,10.7784542
,,747,10.6067658
,,748,10.4390845
,,749,10.3117824
,,750,10.1755413
,,751,9.9058334
,,752,9.7446251
,,753,9.635509
,,754,9.5529013
,,755,9.3485397
,,756,9.2637744
,,757,9.1007167
,,758,8.9888264
,,759,8.8159051
,,760,8.6778146
,,761,8.5021191
,,762,8.424135
,,763,8.2607691
,,764,8.1941897
,,765,8.0607228
,,766,7.931263
,,767,7.7999538
,,768,7.6769669
,,769,7.4698312
,,770,7.3850659
,,771,7.2216999
,,772,7.0808353
,,773,7.050628
,,774,6.9695615
,,775,6.9134623
,,776,6.8515065
,,777,6.7232796
,,778,6.6366649
,,779,6.565462
,,780,6.3792864
,,781,6.2988364
,,782,6.15828
,,783,6.0953996
,,784,5.9677892
,,785,5.9042922
,,786,5.817061
,,787,5.7036295
,,788,5.6367419
,,789,5.5707791
,,790,5.4912538
,,791,5.4302227
,,792,5.3066194
,,793,5.2317177
,,794,5.2307929
,,795,5.0809894
,,796,4.9780381
,,797,4.8864915
,,798,4.8364029
,,799,4.8137474
,,800,4.7948678
