wl,abs,wl,em,Data copyright Molecular Probes
300,0,300,0
301,0,301,0
302,0,302,0
303,0,303,0
304,0,304,0
305,0,305,0
306,0,306,0
307,0,307,0
308,0,308,0
309,0,309,0
310,0,310,0
311,0,311,0
312,0,312,0
313,0,313,0
314,0,314,0
315,0,315,0
316,0,316,0
317,0,317,0
318,0,318,0
319,0,319,0
320,0,320,0
321,0,321,0
322,0,322,0
323,0,323,0
324,0,324,0
325,0,325,0
326,0,326,0
327,0,327,0
328,0,328,0
329,0,329,0
330,0,330,0
331,0,331,0
332,0,332,0
333,0,333,0
334,0,334,0
335,0,335,0
336,0,336,0
337,0,337,0
338,0,338,0
339,0,339,0
340,0,340,0
341,0,341,0
342,0,342,0
343,0,343,0
344,0,344,0
345,0,345,0
346,0,346,0
347,0,347,0
348,0,348,0
349,0,349,0
350,0,350,0
351,0,351,0
352,0,352,0
353,0,353,0
354,0,354,0
355,0,355,0
356,0,356,0
357,0,357,0
358,0,358,0
359,0,359,0
360,1.674566848,360,13.22015509
361,1.712970674,361,13.4202116
362,1.745273893,362,13.70676625
363,1.783466587,363,14.20169221
364,1.837543086,364,14.6935131
365,1.889933761,365,15.1005891
366,1.95510389,366,15.84041805
367,2.055913935,367,16.46906006
368,2.164870245,368,17.41404272
369,2.301320204,369,18.44151206
370,2.450498704,370,19.55657034
371,2.608332612,371,20.3733585
372,2.792641885,372,21.11850231
373,3.003426523,373,22.05604417
374,3.23254026,374,22.43339945
375,3.480492238,375,22.92810691
376,3.755428723,376,23.54144211
377,4.072623963,377,24.14648613
378,4.405093453,378,24.6562878
379,4.771166291,379,24.76215988
380,5.169824193,380,24.9862345
381,5.605140294,381,25.07765015
382,6.092388842,382,25.32511018
383,6.613749879,383,25.541744
384,7.165659415,384,25.35274747
385,7.777138522,385,25.75455112
386,8.427312394,386,25.87339146
387,9.116690172,387,25.65101758
388,9.881930054,388,25.60573495
389,10.70673951,389,25.39080189
390,11.58297227,390,25.54301957
391,12.5004455,391,25.45415505
392,13.47697916,392,25.2309308
393,14.50544527,393,24.86675638
394,15.57667928,394,24.83826872
395,16.73446736,395,24.8078677
396,17.93502334,396,24.26086199
397,19.23078881,397,23.57524464
398,20.59834325,398,23.28887982
399,22.04532379,399,22.65960002
400,23.51674312,400,22.2218679
401,25.09711877,401,21.66146873
402,26.70396978,402,21.0219844
403,28.39177431,403,20.57915
404,30.1854803,404,20.02257754
405,31.97867715,405,19.40520304
406,33.86810177,406,18.79973383
407,35.77941948,407,18.36561581
408,37.72535882,408,18.02865349
409,39.71253863,409,17.66469166
410,41.74401377,410,17.16296858
411,43.86255212,411,16.65061578
412,46.02284009,412,16.08213802
413,48.25033476,413,15.62250866
414,50.57303891,414,14.93837948
415,52.85755744,415,14.47407303
416,55.27292538,416,13.8853988
417,57.697967,417,13.36624297
418,60.11028008,418,12.93425089
419,62.51902917,419,12.53287243
420,64.97207358,420,11.93654479
421,67.31819825,421,11.52326103
422,69.62206416,422,11.08276517
423,71.78235213,423,10.6469464
424,73.77767821,424,10.30998408
425,75.53930828,425,10.06550037
426,77.16347011,426,9.81633959
427,78.64049,427,9.507014556
428,79.94847487,428,9.226389784
429,81.23253008,429,8.881136275
430,82.41781181,430,8.661313537
431,83.5022835,431,8.350287747
432,84.54347815,432,8.119197498
433,85.53528606,433,7.967830197
434,86.53167625,434,7.830706728
435,87.59018171,435,7.650639165
436,88.76578976,436,7.713567145
437,90.01522333,437,7.606419504
438,91.27382146,438,7.552420495
439,92.50492595,439,7.531373637
440,93.66220489,440,7.662757053
441,94.80064559,441,7.807533925
442,95.86322419,442,8.156614135
443,96.9527873,443,8.590094371
444,97.93186667,444,9.009968557
445,98.74598415,445,9.629256408
446,99.42314252,446,10.09590139
447,99.79277935,447,10.66480434
448,100,448,11.44885295
449,99.98218004,449,12.66170471
450,99.77037712,450,14.11797721
451,99.25919892,451,15.77493893
452,98.37380161,452,17.32517821
453,97.04239622,453,19.23257628
454,95.29858611,454,21.35426964
455,92.99217449,455,23.84609007
456,90.4403566,456,26.43421581
457,87.55912407,457,29.48409687
458,84.06692158,458,33.03995289
459,80.11496418,459,36.79756112
460,75.64775545,460,40.70674924
461,70.93412216,461,44.91229413
462,65.8661263,462,49.06766671
463,60.70546665,463,53.8440279
464,55.43228671,464,58.37016533
465,50.06695213,465,63.47519766
466,44.94753295,466,68.27962133
467,39.83218692,467,73.33873323
468,34.79066642,468,78.60002254
469,30.31123828,469,82.65951499
470,26.11947518,470,86.59719078
471,22.40325036,471,90.00890771
472,18.98538254,472,93.13681095
473,16.05832727,473,95.73216491
474,13.44133925,474,97.88234594
475,11.24082909,475,99.41323911
476,9.368206141,476,99.95067807
477,7.740989466,477,100
478,6.364270476,478,99.61584169
479,5.262997113,479,98.41510782
480,4.321085083,480,97.77732424
481,3.570101166,481,96.9365129
482,2.958112917,482,95.52275931
483,2.412822223,483,93.81966457
484,1.981070114,484,92.3117316
485,1.607360152,485,90.74193363
486,1.313076285,486,89.57287634
487,1.073270573,487,88.30687594
488,0.883360742,488,87.11528363
489,0.739273659,489,85.8390787
490,0.611988249,490,84.4954813
491,0.508123355,491,82.79132359
492,0.409349877,492,81.21514779
493,0.337051764,493,80.03439779
494,0.280027901,494,78.65359636
495,0.232677729,495,77.12312837
496,0.204420368,496,75.45000946
497,0.179217857,497,73.52050155
498,0.161016043,498,71.93560937
499,0.143214269,499,70.10517051
500,0.125079129,500,68.42971306
501,0,501,66.73044502
502,0,502,65.1083488
503,0,503,63.13015675
504,0,504,61.15600399
505,0,505,59.27539282
506,0,506,57.73514549
507,0,507,56.06542809
508,0,508,54.47181953
509,0,509,52.82910164
510,0,510,51.42215107
511,0,511,49.72096969
512,0,512,48.28042919
513,0,513,46.80310983
514,0,514,45.46418952
515,0,515,44.14100119
516,0,516,43.02275399
517,0,517,41.43233435
518,0,518,39.92907847
519,0,519,38.64692089
520,0,520,37.16045997
521,0,521,35.88701877
522,0,522,34.65248236
523,0,523,33.40625326
524,0,524,32.28354157
525,0,525,31.29327627
526,0,526,30.27856261
527,0,527,29.07634057
528,0,528,28.32524411
529,0,529,27.6268711
530,0,530,26.75587133
531,0,531,25.96268116
532,0,532,25.12675949
533,0,533,24.35461617
534,0,534,23.63944819
535,0,535,23.01101877
536,0,536,22.1440583
537,0,537,21.41613465
538,0,538,20.80598836
539,0,539,19.99557803
540,0,540,19.19919894
541,0,541,18.47765313
542,0,542,17.6982816
543,0,543,17.14000838
544,0,544,16.50392556
545,0,545,15.91376316
546,0,546,15.42139424
547,0,547,15.03787371
548,0,548,14.59078743
549,0,549,14.03612831
550,0,550,13.63453726
551,0,551,13.11155473
552,0,552,12.76970273
553,0,553,12.43018927
554,0,554,11.92208836
555,0,555,11.53282778
556,0,556,11.19969216
557,0,557,10.7515429
558,0,558,10.45965062
559,0,559,10.11375933
560,0,560,9.901802589
561,0,561,9.598005013
562,0,562,9.438984308
563,0,563,9.19662655
564,0,564,9.017196771
565,0,565,8.922167019
566,0,566,8.773563446
567,0,567,8.559480759
568,0,568,8.349862558
569,0,569,8.061584382
570,0,570,7.897674003
571,0,571,7.607695071
572,0,572,7.364061746
573,0,573,7.192072775
574,0,574,6.977352305
575,0,575,6.77836383
576,0,576,6.610201561
577,0,577,6.415039787
578,0,578,6.234972225
579,0,579,6.027905157
580,0,580,5.862506617
581,0,581,5.690092457
582,0,582,5.536174021
583,0,583,5.411806224
584,0,584,5.218770396
585,0,585,5.168598088
586,0,586,5.000435819
587,0,587,4.808462963
588,0,588,4.65752085
589,0,589,4.511893601
590,0,590,4.426855791
591,0,591,4.29292124
592,0,592,4.228930288
593,0,593,4.133900536
594,0,594,4.099035033
595,0,595,4.013784629
596,0,596,3.89413643
597,0,597,3.858850464
598,0,598,3.819712402
599,0,599,3.819837681
600,0,600,3.794280782
601,0,601,0
