wl,abs,wl,em
400,2.5373345,530,4.2495326
401,2.5883368,531,4.590591
402,2.6353222,532,4.994058
403,2.6800122,533,5.3876987
404,2.7575677,534,6.1491837
405,2.8549469,535,7.0317738
406,2.9916254,536,7.9548308
407,3.1077848,537,9.0474348
408,3.2284653,538,10.1976376
409,3.3449725,539,11.3310038
410,3.4708697,540,12.6191482
411,3.601636,541,13.9459871
412,3.7539647,542,15.2864135
413,3.9000334,543,16.735539
414,4.070099,544,18.1087524
415,4.2366869,545,19.4896455
416,4.4203161,546,20.9588568
417,4.633159,547,22.3769676
418,4.8491319,548,23.7395473
419,5.0626704,549,25.1027178
420,5.2852512,550,26.4239445
421,5.5133966,551,27.7900688
422,5.7822325,552,29.0764409
423,6.0625452,553,30.3790589
424,6.309123,554,31.5960171
425,6.5901313,555,33.0049712
426,6.8617495,556,34.4068362
427,7.1413666,557,35.8438513
428,7.4244616,558,37.2398087
429,7.7110344,559,38.7734124
430,8.013953,560,40.3158775
431,8.3832981,561,42.0332064
432,8.7223861,562,43.6131845
433,9.1000779,563,45.2345155
434,9.5066357,564,46.8777046
435,9.9281481,565,48.585286
436,10.3587029,566,50.3212238
437,10.8097769,567,52.0140364
438,11.2754577,568,53.5860392
439,11.7860024,569,55.2457694
440,12.3045462,570,56.9323791
441,12.8331757,571,58.5457349
442,13.4539675,572,60.1552508
443,14.0511101,573,61.7715604
444,14.6976379,574,63.3784179
445,15.3361666,575,64.9976813
446,16.0233849,576,66.58209
447,16.7652051,577,68.1275089
448,17.5383256,578,69.6280302
449,18.3055339,579,71.2023961
450,19.1544711,580,72.5874246
451,20.0625313,581,74.1015333
452,21.0147599,582,75.5819689
453,22.052543,583,77.0662445
454,23.1004118,584,78.3815637
455,24.2456597,585,79.8363014
456,25.4176868,586,81.2198529
457,26.7072645,587,82.6908365
458,28.0250125,588,84.0374658
459,29.337196,589,85.3533757
460,30.6132102,590,86.570334
461,31.9104391,591,87.82067
462,33.245924,592,88.9463564
463,34.6019281,593,89.9863831
464,35.7976045,594,91.0577198
465,36.8861638,595,92.0989281
466,38.0470619,596,93.1986212
467,39.1721384,597,94.2430785
468,40.4189389,598,94.8273367
469,41.5961827,599,95.4491078
470,42.7633409,600,96.0141663
471,43.9857966,601,96.4994728
472,45.3310194,602,96.8799199
473,46.8348311,603,97.150191
474,48.4137639,604,97.4216435
475,49.9714818,605,98.0903798
476,51.5281565,606,98.611427
477,53.0528351,607,99.0397254
478,54.6460269,608,99.3808873
479,56.273997,609,99.6623827
480,57.8146736,610,99.8667844
481,59.5261115,611,99.9193617
482,61.2876301,612,100
483,63.1207918,613,99.9725298
484,65.0742863,614,99.9645546
485,67.026042,615,99.870329
486,68.9197179,616,99.6420016
487,70.8227839,617,99.3454419
488,72.4204969,618,99.1501969
489,73.8168438,619,98.7021081
490,75.2100607,620,98.3314085
491,76.4502532,621,97.8088844
492,77.5304657,622,97.2893141
493,78.4093122,623,96.8063707
494,79.1664348,624,96.2510597
495,79.9294697,625,95.5389028
496,80.6705943,626,94.9274699
497,81.2555645,627,94.2144269
498,81.6763814,628,93.6086061
499,82.0620722,629,92.7977929
500,82.4324606,630,91.980186
501,82.6786907,631,91.1457426
502,82.8651021,632,90.4064109
503,83.0302988,633,89.6047544
504,83.1888877,634,88.7410685
505,83.3912971,635,87.636354
506,83.5874464,636,86.6246836
507,83.8882783,637,85.5282396
508,84.2367564,638,84.5298613
509,84.6304463,639,83.2730269
510,84.9917923,640,82.0466166
511,85.2188943,641,80.8054373
512,85.5409409,642,79.5506707
513,85.870291,643,78.3602964
514,86.1784264,644,77.2803937
515,86.436481,645,76.1458459
516,86.8510378,646,74.9873726
517,87.4203578,647,73.8058597
518,88.1242697,648,72.6742658
519,88.662637,649,71.6968592
520,89.1850064,650,70.5835787
521,89.7282427,651,69.3834571
522,90.4551082,652,68.1449362
523,91.0094736,653,67.0641473
524,91.6726949,654,65.9919244
525,92.3960826,655,64.8762808
526,93.3410077,656,63.701857
527,94.4507818,657,62.6198866
528,95.6680207,658,61.4859297
529,96.6967615,659,60.3679231
530,97.5411775,660,59.2957002
531,98.1828362,661,58.2394277
532,98.9142229,662,57.182269
533,99.4414612,663,56.1933428
534,99.7593345,664,55.1642451
535,99.9714818,665,54.1513931
536,99.9683518,666,53.1320429
537,100,667,52.035599
538,99.6431751,668,50.980508
539,99.0655083,669,49.9573178
540,98.4481943,670,48.9214264
541,97.650729,671,47.8642678
542,96.1427439,672,46.8859751
543,94.4386094,673,45.9720749
544,92.1679372,674,45.0714668
545,89.8423154,675,44.121235
546,86.8649491,676,43.1866583
547,83.3321741,677,42.3318338
548,79.4404874,678,41.490892
549,75.5025458,679,40.6266154
550,71.4988732,680,39.7520005
551,67.7925547,681,38.871478
552,63.9638167,682,37.9454673
553,60.2293278,683,37.1576936
554,56.7838462,684,36.313798
555,53.5077347,685,35.5768293
556,50.609315,686,34.8138674
557,47.7032441,687,34.0757172
558,45.0388821,688,33.3688772
559,42.5717128,689,32.764238
560,40.2405264,690,31.977055
561,37.9761143,691,31.2468801
562,35.8887235,692,30.4930749
563,33.7011713,693,29.8042529
564,31.7772383,694,29.0971174
565,29.7458405,695,28.4617588
566,27.6274971,696,27.7596448
567,25.5877525,697,27.1476212
568,23.706249,698,26.5261454
569,21.8268321,699,25.8701104
570,20.1432168,700,25.2560191
571,18.4808163,701,24.5985072
572,16.8177202,702,23.9938679
573,15.3796394,703,23.4093145
574,14.1196233,704,22.8280101
575,12.8783874,705,22.2310507
576,11.6653219,706,21.6987792
577,10.5044238,707,21.1363791
578,9.4902899,708,20.6312823
579,8.5557982,709,20.0996015
580,7.7138167,710,19.6358577
581,6.9222636,711,19.1859967
582,6.1741834,712,18.8058449
583,5.5947777,713,18.367799
584,5.0849285,714,17.9522019
585,4.5580379,715,17.5732316
586,4.1424378,716,17.178311
587,3.7080574,717,16.7777781
588,3.3630571,718,16.3993986
589,3.043445,719,15.965488
590,2.744352,720,15.6042404
591,2.4730816,721,15.2586479
592,2.2014635,722,14.908034
593,1.9761004,723,14.5910932
594,1.7855156,724,14.2723801
595,1.5924962,725,13.947464
596,1.4335596,726,13.613982
597,1.2735797,727,13.2917244
598,1.199386,728,12.9744882
599,1.15589,729,12.6732024
600,1.0821254,730,12.345628
,,731,12.0342993
,,732,11.7522131
,,733,11.5117753
,,734,11.2450487
,,735,10.9576457
,,736,10.6702427
,,737,10.4182851
,,738,10.183164
,,739,9.9063946
,,740,9.652074
,,741,9.415476
,,742,9.191284
,,743,8.9747717
,,744,8.7458536
,,745,8.4983267
,,746,8.2951065
,,747,8.0818434
,,748,7.8638543
,,749,7.6854458
,,750,7.4984714
,,751,7.3120878
,,752,7.1744415
,,753,6.9892394
,,754,6.8087633
,,755,6.6560527
,,756,6.493004
,,757,6.3417703
,,758,6.1621804
,,759,5.9784551
,,760,5.8490795
,,761,5.6813046
,,762,5.5528151
,,763,5.4187134
,,764,5.2837255
,,765,5.1951121
,,766,5.104431
,,767,4.9726923
,,768,4.8911679
,,769,4.7730166
,,770,4.6495485
,,771,4.5328741
,,772,4.3970001
,,773,4.282098
,,774,4.1834417
,,775,4.0723795
,,776,3.9654526
,,777,3.8786114
,,778,3.7829088
,,779,3.7120181
,,780,3.6068634
,,781,3.5132285
,,782,3.4210705
,,783,3.3303894
,,784,3.2453205
,,785,3.1770881
,,786,3.0940868
,,787,3.0231961
,,788,2.9558498
,,789,2.8814145
,,790,2.8040254
,,791,2.7417006
,,792,2.6755359
,,793,2.6129157
,,794,2.5423203
,,795,2.48354
,,796,2.4153077
,,797,2.3792715
,,798,2.3481584
,,799,2.3091487
,,800,2.2671755
