wl,ex,wl,em,Data copyright Molecular Probes
400,2.198243,570,0.8888025
401,0.6380945,571,0.9953343
402,0.5742853,572,1.035148
403,0.636359,573,1.333748
404,0.5050815,574,1.464541
405,0.626283,575,1.845723
406,0.4327999,576,2.183515
407,0.5526842,577,2.385692
408,0.4868054,578,2.951788
409,0.3599565,579,3.341213
410,0.3568309,580,3.95241
411,0.1774755,581,4.762675
412,0.1761397,582,5.665941
413,0.3506668,583,6.733438
414,0.1751146,584,7.84199
415,0.1165493,585,9.432037
416,5.79E-02,586,10.92131
417,0,587,12.6381
418,0.111727,588,14.66516
419,0.2212967,589,16.98445
420,0.3295431,590,19.60964
421,0.276512,591,22.83981
422,0.2782655,592,25.79938
423,0.2793172,593,29.34215
424,0.391277,594,33.59409
425,0.391746,595,37.45568
426,0.3899571,596,42.57854
427,0.4408568,597,46.44168
428,0.4397334,598,51.85847
429,0.3842423,599,56.03577
430,0.4381047,600,61.09642
431,0.5978466,601,65.44324
432,0.5429733,602,70.12441
433,0.4846459,603,73.73561
434,0.3196637,604,79.56921
435,0.4743677,605,82.93312
436,0.5178423,606,87.79783
437,0.5613449,607,90.63141
438,0.3527337,608,93.23328
439,0.3521018,609,94.92535
440,0.3027776,610,96.57543
441,0.4058912,611,98.26438
442,0.2526318,612,99.67185
443,0.2523141,613,100
444,0.2519971,614,98.8196
445,0.3013145,615,98.33904
446,0.1492958,616,97.60809
447,9.69E-02,617,95.95956
448,0.2780908,618,94.05754
449,0.3977697,619,91.78693
450,0.4313087,620,89.53033
451,0.3417927,621,85.72006
452,0.3888366,622,84.05132
453,0.2216109,623,80.8507
454,0.3595718,624,79.17107
455,0.2236584,625,75.63763
456,0.2201518,626,72.87869
457,0.3866349,627,69.8056
458,0.2963187,628,67.56609
459,0.2488117,629,64.85536
460,0.3225562,630,62.21462
461,0.3900891,631,58.98289
462,0.4175005,632,57.24417
463,0.373189,633,53.99844
464,0.4393038,634,52.11509
465,0.3521776,635,49.19907
466,0.5628418,636,47.27216
467,0.6299366,637,45.86003
468,0.5609658,638,43.30638
469,0.515927,639,41.96112
470,0.4091178,640,40.32815
471,0.3893955,641,38.86625
472,0.2888038,642,36.99222
473,0.3302957,643,36.12753
474,0.2284993,644,34.2395
475,0.1595373,645,32.8507
476,8.44E-02,646,31.59409
477,4.32E-02,647,30.63142
478,0,648,29.69051
479,0.2870598,649,28.68274
480,0.275744,650,27.89425
481,0.4961569,651,27.30793
482,0.3795441,652,26.30638
483,0.3447133,653,25.70606
484,0.4359423,654,25.26439
485,0.4515534,655,24.79471
486,0.5066008,656,24.44324
487,0.645674,657,24.30482
488,0.6466653,658,23.71851
489,0.8058738,659,23.30793
490,0.9763601,660,23.02488
491,1.181096,661,22.35614
492,1.499069,662,22.3888
493,1.631352,663,22.22084
494,1.841741,664,21.74806
495,1.792947,665,21.37947
496,2.004372,666,21.57232
497,2.144033,667,21.73406
498,2.340212,668,21.46345
499,2.672886,669,21.36859
500,2.756993,670,20.82893
501,3.140359,671,20.68585
502,3.354433,672,20.44323
503,3.55584,673,20.15241
504,3.798474,674,20.04977
505,3.939083,675,19.51166
506,4.171354,676,19.58476
507,4.217157,677,19.32504
508,4.496887,678,18.74961
509,4.805178,679,18.36703
510,4.923517,680,17.8367
511,5.166852,681,17.82737
512,5.117764,682,17.0591
513,5.48997,683,16.56143
514,5.782534,684,16.23017
515,5.803737,685,15.67185
516,6.365388,686,15.38818
517,6.336519,687,14.72986
518,6.558062,688,14.54977
519,7.036954,689,13.8112
520,7.267989,690,13.84635
521,7.792936,691,12.83048
522,8.119593,692,12.82706
523,8.568043,693,12.37325
524,9.172098,694,11.8367
525,9.68525,695,11.6902
526,10.24258,696,11.37076
527,10.80097,697,10.34215
528,11.6152,698,10.41695
529,12.3445,699,10.06781
530,13.22031,700,9.622862
531,14.31825,701,9.381959
532,14.92902,702,9.002488
533,16.11989,703,8.890513
534,16.97402,704,7.917263
535,18.2716,705,7.622084
536,19.24368,706,7.746501
537,20.71585,707,7.64168
538,21.73337,708,7.021617
539,22.70685,709,6.832815
540,23.82277,710,6.56734
541,24.70661,711,5.881804
542,25.68382,712,6.279471
543,26.69606,713,5.866719
544,27.26644,714,5.822706
545,28.10614,715,5.49238
546,29.18535,716,5.560186
547,29.54565,717,5.302177
548,30.11713,718,4.949455
549,30.86525,719,4.850389
550,31.08149,720,4.32084
551,31.29267,721,4.641057
552,30.47378,722,4.312442
553,30.96382,723,4.472006
554,30.79898,724,4.255054
555,30.93181,725,4.189114
556,30.83998,726,3.948989
557,30.65211,727,3.64479
558,30.2904,728,3.75241
559,30.13174,729,3.436703
560,30.83605,730,3.53266
561,30.76612,731,3.699845
562,30.82537,732,3.317263
563,31.12164,733,3.608087
564,31.62994,734,3.1493
565,32.54964,735,3.443235
566,33.2312,736,3.097978
567,34.00404,737,3.135303
568,35.32953,738,2.77605
569,36.47221,739,3.076205
570,37.78283,740,2.915708
571,39.94968,741,2.74339
572,41.61834,742,3.128305
573,43.67735,743,2.81182
574,45.00706,744,2.777916
575,48.45729,745,2.592224
576,51.00072,746,2.687247
577,53.22683,747,2.625816
578,56.22436,748,2.344012
579,59.43391,749,2.721773
580,62.78556
581,66.01534
582,69.1384
583,73.2393
584,75.75549
585,79.67497
586,82.3709
587,85.67902
588,88.31682
589,91.72604
590,93.69294
591,95.86428
592,97.24622
593,99.15724
594,99.32321
595,100
596,99.72591
597,99.13983
598,96.63908
599,94.70082
600,92.09167
601,89.29212
602,85.86381
603,82.50317
604,77.86393
605,73.71951
606,69.17126
607,63.7839
608,59.61757
609,54.6127
610,50.23744
611,45.71699
612,41.00277
613,36.78926
614,32.74931
615,29.09605
616,26.10307
617,22.58331
618,20.26409
619,18.01134
620,14.89145
621,12.79214
622,11.2638
623,9.211021
624,7.905884
625,6.725013
626,5.081285
627,4.274782
628,3.392457
629,2.661305
630,1.972333
631,1.628648
632,0.8806997
633,0.4725704
634,0.1787558
635,0.0102345
