wl,ex,wl,em,"Data copyright Molecular Probes, Inc."
400,0.803759846,500,0.759332408,
401,0.948581377,501,0.859176932,
402,0.937899848,502,0.986247722,
403,0.938128046,503,1.133778857,
404,0.932702124,504,1.298873025,
405,0.959968242,505,1.50830931,
406,0.957816565,506,1.788393647,
407,0.925276834,507,2.121131555,
408,0.940628671,508,2.424967775,
409,0.90217638,509,2.891312309,
410,0.919413306,510,3.348225075,
411,0.934365444,511,3.939944673,
412,0.902648298,512,4.742612667,
413,0.940094594,513,5.72552876,
414,0.965663199,514,6.782776667,
415,0.944476915,515,8.008223263
416,0.944419979,516,9.563761097
417,0.975075993,517,11.02249748
418,0.967169023,518,12.98463722
419,1.005658274,519,15.04816827
420,1.045378829,520,17.21033242
421,1.085860419,521,19.92256558
422,1.129854122,522,22.49845995
423,1.163805356,523,25.3650656
424,1.235060886,524,28.45820968
425,1.23001039,525,31.62880499
426,1.326376429,526,34.8040146
427,1.399110264,527,38.80924978
428,1.453437469,528,42.82596174
429,1.549471182,529,46.51463603
430,1.645614271,530,50.42102649
431,1.722985383,531,54.21025789
432,1.813743973,532,57.96303083
433,1.875389168,533,61.83466447
434,2.006273079,534,65.62643695
435,2.114673028,535,69.02450122
436,2.235392103,536,72.0142576
437,2.333912271,537,75.00567113
438,2.502083311,538,78.00260388
439,2.652406197,539,80.65397684
440,2.812208923,540,82.71010662
441,2.986869995,541,85.14385108
442,3.181103814,542,87.18548994
443,3.388882644,543,89.04912312
444,3.591718834,544,91.16771158
445,4.023582178,545,92.14228733
446,4.29472995,546,92.66718965
447,4.67418845,547,93.2197623
448,5.084832417,548,94.353413
449,5.430438513,549,95.6136233
450,5.762821735,550,97.22208945
451,6.286681224,551,97.27254265
452,6.670563444,552,97.30073996
453,7.212121212,553,98.15272671
454,7.648406566,554,98.22559595
455,8.170254565,555,98.34922693
456,8.675875843,556,98.4644221
457,9.38532382,557,99.63326559
458,9.931058151,558,99.68331275
459,10.55772952,559,99.16002654
460,11.23033804,560,99.54161291
461,11.99173213,561,99.81984867
462,12.65904642,562,99.93185391
463,13.56947283,563,100
464,14.28726025,564,99.87411952
465,15.12491134,565,99.69480248
466,15.90449862,566,99.64527473
467,16.86768427,567,99.5172037
468,17.68023069,568,98.75663007
469,18.64583662,569,98.22097577
470,19.78277694,570,97.34142657
471,20.95680096,571,96.54835912
472,22.11510674,572,95.45632513
473,23.39854003,573,95.2891976
474,24.88025462,574,95.10370284
475,26.38629902,575,94.2029064
476,28.20465719,576,92.661533
477,30.15491134,577,92.013811
478,32.40680864,578,91.49144062
479,34.42990324,579,90.90488506
480,36.28433429,580,90.17315384
481,38.08680826,581,89.30573923
482,39.91485296,582,87.84353101
483,41.8478551,583,86.92273117
484,43.5128694,584,85.76843961
485,45.40852943,585,84.92690719
486,47.64360264,586,83.42471878
487,49.59854874,587,82.70572994
488,51.41560805,588,81.48179895
489,53.06321027,589,80.57103511
490,54.64470925,590,79.90530001
491,55.92233074,591,78.74159621
492,57.17010545,592,76.91626992
493,58.45715838,593,75.73308184
494,59.62283682,594,75.21068284
495,60.62811143,595,74.98521049
496,61.40251715,596,73.36754011
497,62.65401392,597,72.26675719
498,64.05718871,598,71.59392451
499,65.0587123,599,70.25843282
500,66.68188709,600,69.90137958
501,67.95618268,601,68.73222661
502,69.40518997,602,67.43500095
503,71.22301145,603,66.10483683
504,73.14441177,604,65.25962818
505,75.13885641,605,65.2466663
506,77.76663736,606,64.85171687
507,79.78331745,607,64.24889989
508,82.38659581,608,63.29717833
509,84.78964249,609,62.4128574
510,87.19696465,610,61.54109322
511,89.9957749,611,60.34225095
512,91.91012222,612,59.64546738
513,94.23836383,613,59.23511209
514,95.8529811,614,58.31329723
515,97.25965189,615,57.02909366
516,98.47884685,616,56.55788246
517,99.77023294,617,55.74091521
518,99.91709182,618,55.42684493
519,100,619,54.26409031
520,99.16503363,620,53.52090645
521,97.53656138,621,52.88190508
522,96.1179893,622,51.56058974
523,94.35001976,623,50.87902097
524,91.24540421,624,49.84455345
525,87.88566866,625,48.70706923
526,84.53601171,626,48.27715288
527,80.37768149,627,47.37086065
528,75.7280995,628,46.75344349
529,71.55569319,629,45.52332361
530,66.4069898,630,45.10418002
531,61.95118463,631,44.19679469
532,57.13852321,632,43.73050735
533,52.54882201,633,42.60569157
534,47.93751434,634,41.75169054
535,43.47042091,635,41.33145723
536,39.58506849,636,40.2711008
537,35.53463887,637,39.69542405
538,31.86665469,638,39.00654539
539,28.05315924,639,38.39929843
540,25.20341007,640,37.55321209
541,22.61757096,641,36.99158335
542,20.10858013,642,36.26061448
543,17.85422441,643,35.64622799
544,15.80422013,644,35.06299017
545,14.27321206,645,34.40064057
546,12.75384033,646,33.81095284
547,11.3967868,647,33.09314471
548,10.12991248,648,31.91740634
549,9.03109615,649,31.69390218
550,8.134591201,650,31.31913526
551,7.112936215,651,30.57016828
552,6.224078186,652,30.36181382
553,5.57381233,653,29.86514692
554,4.962022845,654,28.90396389
555,4.507038127,655,28.4701858
556,3.926022221,656,28.39352628
557,3.52889123,657,27.77495709
558,3.171178199,658,27.53386568
559,2.938936472,659,26.81453705
560,2.706939885,660,26.20307824
,,661,25.86382217
,,662,25.21943788
,,663,25.14047624
,,664,24.18467352
,,665,23.45369412
,,666,22.75991172
,,667,22.22092358
,,668,22.38358449
,,669,22.11367173
,,670,21.87754051
,,671,21.30381071
,,672,20.88558684
,,673,20.53152864
,,674,19.81278538
,,675,19.78643984
,,676,19.35157949
,,677,18.97665018
,,678,18.47412065
,,679,18.36240219
,,680,18.14863699
,,681,18.09266735
,,682,17.92781682
,,683,17.38852517
,,684,17.02083826
,,685,16.97787614
,,686,16.81594741
,,687,16.10422154
,,688,16.32243883
,,689,15.83467995
,,690,15.52901106
,,691,15.24533232
,,692,14.63568184
,,693,14.52049018
,,694,14.22531062
,,695,14.10957252
,,696,13.57335401
,,697,13.46644976
,,698,13.14138175
,,699,13.21080581
,,700,12.533495
