wl,ex,wl,em,Data copyright Molecular Probes
400,0.665782479,500,3.386925181
401,0.618836567,501,3.421084737
402,0.624973888,502,3.558001491
403,0.652416977,503,3.812467547
404,0.673550994,504,4.258197151
405,0.677638063,505,4.90324827
406,0.678856878,506,5.837776822
407,0.658073073,507,7.114496146
408,0.691655027,508,8.644659557
409,0.726754588,509,10.57987559
410,0.762841518,510,12.88621738
411,0.795820388,511,15.74467539
412,0.787690635,512,19.01666452
413,0.841714634,513,22.97591539
414,0.893113088,514,27.55853402
415,0.871603448,515,32.55898855
416,0.907555051,516,38.16431186
417,0.947354628,517,44.29185284
418,0.987555232,518,50.86820175
419,1.031735631,519,57.69752653
420,1.074367762,520,64.48997004
421,1.111510258,521,70.68221126
422,1.132144083,522,76.33872399
423,1.208415694,523,81.3437998
424,1.277810596,524,86.473043
425,1.353347143,525,90.90558943
426,1.410240124,526,94.64974034
427,1.423628452,527,97.53499555
428,1.501945106,528,99.06958284
429,1.550905716,529,99.7749463
430,1.647045371,530,100
431,1.716910794,531,99.16630714
432,1.795516832,532,97.92557237
433,1.92176754,533,96.57456989
434,2.018409526,534,95.15843282
435,2.098968121,535,93.11989202
436,2.214312687,536,90.40647191
437,2.332680653,537,87.25999167
438,2.48354894,538,84.4483063
439,2.685170312,539,81.43401273
440,2.916133941,540,78.0275676
441,3.151074154,541,75.00319063
442,3.324612038,542,72.14044976
443,3.550624449,543,69.43540157
444,3.889665385,544,66.70554061
445,4.287718114,545,63.51310502
446,4.623974073,546,60.65213342
447,4.961844495,547,58.39042054
448,5.22462031,548,56.07103623
449,5.517031488,549,54.19353157
450,5.768820269,550,52.61213804
451,6.124028225,551,50.91080238
452,6.425332578,552,49.024416
453,6.839910156,553,47.52396752
454,7.181498233,554,45.97989555
455,7.540663614,555,44.69530892
456,7.975707247,556,43.87739119
457,8.391703781,557,42.84254623
458,8.934422554,558,42.21388661
459,9.560015212,559,41.39465631
460,10.03279458,560,40.45585092
461,10.69744961,561,39.88546192
462,11.4133678,562,38.92793386
463,12.04302095,563,38.17013929
464,12.75872684,564,37.58425228
465,13.58516548,565,36.97294131
466,14.26515718,566,36.28690479
467,15.28991659,567,35.59463529
468,16.26141271,568,34.7645053
469,17.29363368,569,34.01762598
470,18.80888396,570,33.11875226
471,20.30099916,571,32.24382765
472,21.66630503,572,31.33150984
473,22.98073923,573,30.3701828
474,24.57187189,574,29.5904586
475,26.16541468,575,28.70860725
476,27.91896539,576,28.12665337
477,29.47749164,577,27.2160662
478,31.22276618,578,26.36233548
479,32.57351263,579,25.51611292
480,34.01161877,580,24.66665366
481,35.27632745,581,23.81226829
482,36.47484626,582,22.9761018
483,37.47104466,583,22.1152429
484,38.35688121,584,21.12636951
485,39.17572051,585,20.40977883
486,39.93123587,586,19.59898863
487,40.58478341,587,18.9431791
488,41.25133369,588,18.26355379
489,41.74675492,589,17.63386738
490,42.29515805,590,16.92442927
491,43.13313147,591,16.2500999
492,44.06320777,592,15.61561846
493,45.01165756,593,15.02802404
494,46.47364343,594,14.55875737
495,47.95009146,595,13.91537627
496,49.26470641,596,13.53833063
497,51.15998464,597,13.10872467
498,53.21681789,598,12.58363373
499,55.65231636,599,12.14261527
500,57.94992879,600,11.70311053
501,60.86284233,601,11.29669995
502,64.07563553,602,10.87613332
503,67.27278333,603,10.52445691
504,70.7544098,604,10.13849822
505,74.60501927,605,9.817371944
506,78.88266855,606,9.548788776
507,82.3951363,607,9.315404971
508,86.76650775,608,8.973773227
509,90.50577721,609,8.65030932
510,93.86337398,610,8.334582696
511,96.86134012,611,8.024923503
512,98.60208471,612,7.716654211
513,100,613,7.526087095
514,99.84929187,614,7.301332967
515,99.446612,615,6.974914552
516,96.75302583,616,6.817970462
517,93.40773119,617,6.630123392
518,88.92616463,618,6.546566574
519,83.20929687,619,6.352187846
520,77.15910639,620,6.113280179
521,70.78456092,621,6.021594493
522,64.27862572,622,5.788967452
523,57.61539402,623,5.580673711
524,50.65323856,624,5.336297348
525,44.22332466,625,5.280634242
526,38.09970439,626,5.199221
527,32.64109024,627,5.141474106
528,27.82529803,628,4.946370705
529,23.52733962,629,4.9407008
530,19.60969339,630,4.841321679
531,16.53678062,631,4.785883829
532,13.77216189,632,4.646345943
533,11.45161804,633,4.476164001
534,9.592130729,634,4.353191221
535,8.063024363,635,4.28930085
536,6.746567959,636,4.100359037
537,5.721110237,637,4.037786607
538,4.981568661,638,3.978169765
539,4.516407341,639,3.879621367
540,4.551978063,640,3.674180717
,,641,3.535708421
,,642,3.443789416
,,643,3.298414527
,,644,3.230642315
,,645,3.135027148
,,646,3.028426349
,,647,3.002490524
,,648,2.940996164
,,649,2.842888389
,,650,2.835786394
,,651,2.78966468
,,652,2.733649382
,,653,2.627683364
,,654,2.570526775
,,655,2.55425474
,,656,2.559435187
,,657,2.524860394
,,658,2.483078237
,,659,2.354961173
,,660,2.330013981
,,661,2.333316295
,,662,2.280024605
,,663,2.257994892
,,664,2.286860406
,,665,2.175701996
,,666,2.206645669
,,667,2.149688503
,,668,2.099980304
,,669,2.03080757
,,670,1.976717179
,,671,2.008900929
,,672,1.962237728
,,673,1.956929482
,,674,1.949134599
,,675,1.968429853
,,676,1.913803447
,,677,1.881879696
,,678,1.868443854
,,679,1.787939851
,,680,1.805631364
,,681,1.761067344
,,682,1.733639534
,,683,1.73090394
,,684,1.677427807
,,685,1.630850933
,,686,1.670243242
,,687,1.692746339
,,688,1.71940121
,,689,1.715122555
,,690,1.614375261
,,691,1.555813469
,,692,1.644744657
,,693,1.576283337
,,694,1.514671535
,,695,1.550541513
,,696,1.55723887
,,697,1.503162056
,,698,1.457448261
,,699,1.41937506
,,700,1.445172917
