wl,ex,wl,em
400,6.258348,580,1.449883
401,7.03469,581,0.7301944
402,6.756194,582,0.5410796
403,6.556535,583,0.5831051
404,6.712422,584,0.6671561
405,6.844996,585,0.8300062
406,6.421542,586,0.9193108
407,5.789241,587,1.118931
408,5.567374,588,1.276528
409,5.481858,589,1.465642
410,5.118474,590,1.754574
411,4.757673,591,2.159061
412,4.965522,592,2.463744
413,5.165916,593,2.873498
414,4.882768,594,3.377808
415,4.168883,595,4.092245
416,3.798813,596,4.722627
417,3.489901,597,5.505351
418,3.390522,598,6.335361
419,3.081495,599,7.585625
420,3.020844,600,8.741335
421,2.671184,601,10.13342
422,2.737353,602,11.70414
423,2.495884,603,13.5375
424,2.334513,604,15.62302
425,1.896819,605,17.78742
426,1.691235,606,20.37189
427,1.266824,607,22.60984
428,1.448279,608,25.99801
429,1.358888,609,29.20784
430,1.189416,610,32.21267
431,0.9095383,611,35.97919
432,0.9682276,612,40.22908
433,0.916903,613,44.22145
434,0.7296602,614,48.67618
435,0.6791236,615,53.08358
436,0.5078274,616,57.95333
437,0.508004,617,61.97203
438,0.6681761,618,66.84179
439,0.6171017,619,71.61687
440,0.472353,620,76.31844
441,0.2915979,621,80.23215
442,0.4698224,622,84.31385
443,0.5727241,623,87.73904
444,0.5597152,624,90.85419
445,0.3201334,625,94.30553
446,0.3209009,626,96.61682
447,0.3548746,627,98.09824
448,0.386235,628,99.33279
449,0.2266554,629,99.85815
450,0.2478482,630,100
451,0.2290774,631,99.48514
452,0.4108616,632,98.95978
453,0.3285551,633,97.48886
454,0.1892945,634,95.70277
455,6.60E-04,635,93.54383
456,0.1137193,636,91.51073
457,0.2400543,637,88.31156
458,0.3445205,638,85.39608
459,0.26631,639,83.02162
460,0.3053352,640,78.94508
461,0.1780642,641,75.84042
462,0.2211249,642,72.98793
463,0.2148979,643,69.48943
464,0.2709667,644,66.03791
465,0.2824234,645,63.21177
466,0.3475874,646,59.78142
467,0.3584515,647,57.03928
468,0.3154677,648,53.78744
469,0.3716738,649,51.0348
470,0.485317,650,48.4765
471,0.4567701,651,46.03904
472,0.4055967,652,43.58575
473,0.3835367,653,41.14829
474,0.5323634,654,38.79483
475,0.6266783,655,36.92474
476,0.6166145,656,34.9338
477,0.5024931,657,33.32639
478,0.5942414,658,31.6978
479,0.7926671,659,30.15339
480,0.8487563,660,28.58264
481,0.9098161,661,27.26407
482,1.026279,662,25.58832
483,1.186956,663,24.94746
484,1.020549,664,23.79173
485,1.057766,665,22.81468
486,1.085974,666,21.75879
487,1.182795,667,20.93408
488,1.061738,668,20.20388
489,1.086252,669,19.421
490,1.009245,670,18.79597
491,1.138378,671,18.48595
492,1.426986,672,17.51941
493,1.637818,673,17.13593
494,1.683756,674,17.00986
495,1.5994,675,16.56859
496,1.570644,676,16.20612
497,1.527992,677,15.92245
498,1.730846,678,15.52847
499,1.864802,679,15.39713
500,2.240823,680,15.06093
501,2.534883,681,14.84555
502,2.645886,682,14.67744
503,2.550756,683,14.43054
504,2.695845,684,14.1889
505,2.964819,685,13.8632
506,3.449946,686,13.70034
507,3.796573,687,13.59004
508,3.773784,688,13.31687
509,3.775035,689,13.12774
510,4.194092,690,12.71801
511,4.71834,691,12.36079
512,4.782579,692,12.15591
513,4.87524,693,11.79344
514,5.100049,694,11.45722
515,5.636976,695,11.25762
516,6.007152,696,10.87938
517,6.146813,697,10.76381
518,5.978747,698,10.16494
519,6.117477,699,9.87601
520,6.680331,700,9.755187
521,7.220805,701,9.313931
522,7.092792,702,8.998732
523,6.838776,703,8.683548
524,6.665936,704,8.342081
525,7.001504,705,8.01638
526,7.285567,706,7.753717
527,8.069511,707,7.265175
528,8.320487,708,6.934225
529,8.242915,709,6.713597
530,8.011754,710,6.340611
531,8.285502,711,6.172519
532,8.547398,712,5.789032
533,8.767768,713,5.500101
534,9.372154,714,5.316241
535,10.06392,715,4.964273
536,10.38557,716,4.885468
537,10.32917,717,4.501999
538,10.94868,718,4.32864
539,12.01367,719,4.1868
540,13.01874,720,3.845349
541,13.43807,721,3.745527
542,14.08504,722,3.556417
543,14.92549,723,3.35679
544,16.27976,724,3.178181
545,17.26481,725,3.015339
546,18.19591,726,2.805212
547,18.9113,727,2.705407
548,20.10667,728,2.605584
549,21.72668,729,2.526797
550,23.16293,730,2.31667
551,23.69375,731,2.253616
552,24.3883,732,2.148561
553,25.62225,733,2.01197
554,26.97586,734,1.843879
555,28.51061,735,1.807093
556,29.96828,736,1.759824
557,30.48905,737,1.633746
558,30.99151,738,1.602226
559,32.0708,739,1.544441
560,32.25243,740,1.449883
561,32.1402,741,1.42887
562,33.14544,742,1.350073
563,34.20994,743,1.323807
564,33.9581,744,1.266022
565,33.40685,745,1.176717
566,33.41224,746,1.118931
567,33.27205,747,1.061146
568,33.34349,748,1.061146
569,33.20732,749,0.9981082
570,32.65754,750,0.9508291
571,31.64412,751,0.9665882
572,31.27367,752,0.8772854
573,31.13962,753,0.8877909
574,30.94532,754,0.7879807
575,30.45039,755,0.819499
576,30.09212,756,0.7932326
577,30.04169,757,0.766968
578,30.53,758,0.6881689
579,30.68106,759,0.7301944
580,31.18139,760,0.6671561
581,31.99102,761,0.6566505
582,33.19007,762,0.619877
583,33.95352,763,0.5883587
584,34.86174,764,0.5725996
585,36.18274,765,0.5988643
586,37.69166,766,0.567346
587,38.94081,767,0.5568388
588,41.14428,768,0.5095613
589,43.58994,769,0.5410796
590,46.01967,770,0.4727877
591,47.90451,771,0.4570286
592,50.37486,772,0.451775
593,52.83221,773,0.4465214
594,55.60557,774,0.4360158
595,58.88123,775,0.4150031
596,61.75668,,
597,65.2616,,
598,68.84673,,
599,72.03271,,
600,74.92999,,
601,78.8164,,
602,82.50925,,
603,85.1511,,
604,87.6409,,
605,90.32933,,
606,93.84743,,
607,96.45902
608,98.80332
609,99.13355
610,99.31011
611,99.58885
612,100
613,98.7224
614,96.13615
615,93.93079
616,91.63063
617,89.2095
618,86.58564
619,82.74876
620,77.67065
621,73.01972
622,68.68586
623,63.92949
624,59.36554
625,55.24731
626,50.94034
627,45.93319
628,42.10497
629,37.86789
630,33.82053
631,30.20484
632,27.21315
633,23.87105
634,20.80694
635,18.17695
636,15.51876
637,13.31121
638,11.82436
639,10.50025
640,9.098162
641,7.947727
642,6.994629
643,6.265279
644,5.37992
645,4.19692
646,3.476749
647,3.105535
648,3.029132
649,2.553086
650,2.21993
651,1.641807
652,1.323347
653,1.030121
654,0.9684647
655,0.7284864
656,0.6513761
657,0.5445721
658,0.4933889
659,0.3557786
660,0.2680004
Data Copyright MP Inc.