wl,ex,wl,em,Data copyright Molecular Probes
300,21.21942672,440,1.272114548
301,19.58125939,441,1.269147067
302,17.77040587,442,1.38573504
303,16.00672271,443,1.574089511
304,14.48845121,444,1.805907782
305,13.29535188,445,2.072446458
306,12.08854564,446,2.406219018
307,11.01915582,447,2.894920496
308,10.14886109,448,3.654069005
309,9.546321425,449,4.466552587
310,8.946770001,450,5.453747503
311,8.425517745,451,6.651556517
312,7.97956004,452,8.056494957
313,7.526450277,453,9.718420954
314,7.231562043,454,11.71700203
315,7.064983982,455,13.96194426
316,6.799813437,456,16.80433084
317,6.676778633,457,19.98782495
318,6.434658952,458,24.03877192
319,6.246700017,459,28.63157676
320,6.101841863,460,33.42974864
321,5.949834599,461,38.51323705
322,5.944740719,462,44.01195626
323,5.723982606,463,49.87703724
324,5.776818153,464,55.82040529
325,5.840034675,465,62.00170373
326,5.697018856,466,68.32168236
327,5.741721732,467,74.00197316
328,5.651681408,468,79.51068329
329,5.688421639,469,84.29756464
330,5.636700859,470,88.50108243
331,5.62341263,471,92.2000393
332,5.592043945,472,95.14283623
333,5.662589259,473,97.46817953
334,5.720444797,474,99.1446089
335,5.739175074,475,100
336,5.844832499,476,99.92202261
337,5.709974319,477,99.50192961
338,5.723733294,478,98.73897587
339,5.786763182,479,98.00502069
340,5.889029658,480,97.01795439
341,5.976427115,481,95.41416915
342,5.962732529,482,94.01989704
343,5.910836602,483,92.86589711
344,6.13265209,484,91.52820495
345,6.11223147,485,90.23905311
346,6.097164831,486,89.17061706
347,6.167032961,487,88.20183298
348,6.41586565,488,87.67754854
349,6.491280386,489,87.05098235
350,6.536512733,490,86.687342
351,6.666453983,491,86.44371931
352,6.772445716,492,86.59148559
353,6.977616843,493,87.67090427
354,7.068624898,494,88.80118513
355,7.221699075,495,90.06426893
356,7.368923739,496,91.06196167
357,7.462895136,497,91.94676569
358,7.626896852,498,93.25093657
359,7.830161638,499,94.50199455
360,7.995534786,500,95.19038515
361,8.196344337,501,95.41185762
362,8.464526467,502,95.71364177
363,8.513262212,503,95.9524403
364,8.876640237,504,95.79439094
365,9.151964068,505,95.98154912
366,9.467874278,506,95.21632628
367,9.83579325,507,94.37684986
368,10.22175871,508,93.28113816
369,10.72640965,509,91.95708606
370,10.98653979,510,90.65009167
371,11.48936811,511,89.39896026
372,11.99757962,512,87.58952641
373,12.49606263,513,85.41607671
374,13.1527695,514,83.92266806
375,13.71989985,515,81.94646776
376,14.30951538,516,80.25712062
377,14.95182787,517,78.54514581
378,15.70418289,518,76.95851991
379,16.47259751,519,75.55859366
380,17.23971195,520,74.20972968
381,17.77190389,521,72.63312007
382,18.67964978,522,70.51794724
383,19.54369029,523,68.89701851
384,20.5458335,524,67.89268029
385,21.54865813,525,66.27292356
386,22.44416641,526,65.53787777
387,23.5006016,527,64.55731064
388,24.79865056,528,62.88676354
389,25.68214461,529,61.74686106
390,27.39103511,530,60.43396578
391,28.78527935,531,59.04267433
392,30.65694634,532,58.20194791
393,32.30045643,533,57.14087591
394,33.96301816,534,56.82812422
395,35.76459766,535,55.68001467
396,37.53691366,536,54.86032404
397,39.42199788,537,53.75305365
398,41.39511582,538,52.93540496
399,43.33082287,539,52.16486463
400,45.38296146,540,51.08393427
401,46.99286175,541,50.00821745
402,49.1222074,542,49.10847781
403,51.09544864,543,48.20547524
404,53.03929723,544,47.27905022
405,55.00558563,545,46.10990443
406,56.77892174,546,44.25969291
407,58.82059047,547,43.03601784
408,60.22134455,548,41.66442364
409,62.05601921,549,40.41548132
410,63.5133006,550,39.21976013
411,65.27276171,551,38.00325859
412,66.52873858,552,37.09397996
413,68.31160512,553,35.5939239
414,70.03245713,554,34.62469078
415,71.456082,555,33.69273525
416,73.1159,556,32.57434657
417,74.71254783,557,31.63563258
418,76.98144406,558,30.58470093
419,78.92019429,559,29.65854051
420,80.94207619,560,28.63839869
421,83.04419831,561,27.83763811
422,85.11489714,562,26.7816054
423,87.3308536,563,26.20798924
424,89.1904906,564,25.49718102
425,90.89432427,565,24.72093828
426,92.96788914,566,24.02485757
427,94.43578506,567,23.27152324
428,95.87485322,568,22.74152747
429,97.30820583,569,21.90537274
430,98.26411414,570,21.23255596
431,98.88740655,571,20.72431165
432,99.63185105,572,20.34684235
433,100,573,19.7705518
434,99.98552265,574,19.21276921
435,99.59500838,575,18.53616166
436,99.15089347,576,18.08540218
437,99.36152829,577,17.58639906
438,98.89837736,578,17.2986416
439,98.11807167,579,16.80969678
440,97.27718127,580,16.43189115
441,96.83876242,581,16.24217854
442,96.52289512,582,15.65871053
443,96.03384455,583,15.26270317
444,95.84452761,584,14.82287981
445,95.45465797,585,14.39270089
446,95.37351022,586,14.16307231
447,95.80181688,587,13.74048507
448,96.21650534,588,13.17615131
449,96.35469094,589,13.01929247
450,96.90017253,590,12.51148866
451,97.47504653,591,12.19824587
452,97.88333944,592,11.90153064
453,98.21163626,593,11.53815004
454,97.73569415,594,11.03276092
455,96.99527222,595,10.89029101
456,96.13163645,596,10.56412923
457,94.74526295,597,10.5093783
458,93.30136633,598,9.990063696
459,90.67669036,599,9.706695844
460,87.43257189,600,9.272617572
461,84.02856235,601,8.954184205
462,80.34228737,602,8.520324467
463,75.50147143,603,8.41093003
464,70.30249033,604,8.220424118
465,64.92918794,605,7.791805641
466,59.91422682,606,7.525485056
467,54.59362586,607,7.460630089
468,49.65153627,608,7.170259148
469,44.50898783,609,6.877863942
470,39.69430504,610,6.714177557
471,34.6031418,611,6.539987935
472,30.43700893,612,6.349843972
473,26.78103692,613,6.23338868
474,22.85345408,614,6.118917078
475,19.70900928,615,5.943638087
476,16.95554157,616,5.741935943
477,14.27813666,617,5.677891148
478,12.10648689,618,5.593774773
479,10.34664547,619,5.40316158
480,8.879947834,620,5.288169118
481,7.632841376,621,5.210844862
482,6.683586956,622,5.014618353
483,5.781095795,623,4.938289477
484,5.05048316,624,4.830782397
485,4.319863417,625,4.667610638
486,3.674981723,626,4.652854329
487,3.205714082,627,4.548177299
488,2.857596283,628,4.271978891
489,2.521883976,629,4.353180333
490,2.35483372,630,4.192867518
,,631,4.092748244
,,632,3.91438872
,,633,3.97278159
,,634,3.755475253
,,635,3.669106697
,,636,3.427474011
,,637,3.499225258
,,638,3.534693715
,,639,3.606357037
,,640,3.411214007
,,641,3.315881807
,,642,3.29147369
,,643,3.139812099
,,644,3.031268922
,,645,3.02766566
,,646,3.014409297
,,647,3.014004393
,,648,2.777653707
,,649,2.741947535
,,650,2.750114448
