wl,abs,wl,em
300,37.65932,480,1.8806
301,33.08227,481,2.075305
302,28.27346,482,2.53752
303,25.4635,483,2.968765
304,23.146,484,3.295355
305,20.77057,485,3.61212
306,19.29316,486,4.022195
307,17.98957,487,4.47893
308,16.5701,488,4.88901
309,15.70104,489,5.3924
310,14.86095,490,6.0431195
311,13.84704,491,6.7355845
312,13.2387,492,7.45752
313,12.6883,493,8.216285
314,12.02202,494,9.242705
315,11.58749,495,10.441035
316,11.18192,496,11.6639
317,10.63152,497,13.1888
318,10.28389,498,14.8782
319,9.907301,499,16.7788
320,9.414831,500,19.03795
321,9.125145,501,21.4051
322,8.835458,502,24.0448
323,8.545771,503,27.0111
324,8.314021,504,30.21805
325,8.024334,505,33.79825
326,7.792584,506,37.8892
327,7.618772,507,42.40005
328,7.502897,508,46.91335
329,7.300116,509,51.5617
330,7.155272,510,56.78715
331,7.097335,511,62.31705
332,6.894554,512,67.55475
333,6.720742,513,72.7016
334,6.633835,514,77.67165
335,6.402086,515,82.5214
336,6.257242,516,86.9414
337,6.170336,517,90.6984
338,6.112399,518,93.5714
339,6.025493,519,95.81085
340,5.996524,520,98.0012
341,6.054461,521,99.11355
342,6.025493,522,99.6292
343,5.967555,523,100
344,5.967555,524,99.226505
345,6.025493,525,98.050255
346,6.112399,526,96.618705
347,6.228274,527,95.17485
348,6.286211,528,93.645
349,6.431054,529,91.58235
350,6.575898,530,89.10715
351,6.662804,531,86.7228
352,6.952491,532,84.3434
353,7.21321,533,82.2169
354,7.242178,534,79.87675
355,7.387022,535,77.31805
356,7.473928,536,74.9239
357,7.531866,537,72.86615
358,7.589803,538,70.64875
359,7.734646,539,68.4314
360,7.821553,540,66.56275
361,7.821553,541,64.66215
362,7.850522,542,62.78365
363,7.821553,543,60.84865
364,7.821553,544,59.3041
365,7.792584,545,57.9216
366,7.792584,546,56.46545
367,7.763615,547,55.11985
368,7.676709,548,53.62935
369,7.589803,549,52.35
370,7.560834,550,51.31865
371,7.473928,551,50.1375
372,7.329084,552,48.9441
373,7.21321,553,47.7237
374,7.039397,554,46.7292
375,6.836617,555,45.72245
376,6.662804,556,44.5413
377,6.402086,557,43.5959
378,6.170336,558,42.49585
379,5.967555,559,41.41295
380,5.619931,560,40.36685
381,5.388181,561,39.30115
382,5.127462,562,38.3558
383,4.750869,563,37.18695
384,4.519119,564,36.0451
385,4.316339,565,34.9499
386,3.910776,566,33.8449
387,3.650058,567,32.8504
388,3.389339,568,31.6693
389,3.041715,569,30.5029
390,2.780997,570,29.41505
391,2.549247,571,28.3199
392,2.230591,572,27.42365
393,2.02781,573,26.44635
394,1.825029,574,25.36345
395,1.593279,575,24.4328
396,1.419467,576,23.45795
397,1.274623,577,22.6304
398,1.158749,578,21.9011
399,1.12978,579,20.94345
400,1.12978,580,20.0668
401,1.071842,581,19.3154
402,1.042874,582,18.54435
403,1.042874,583,17.83715
404,1.071842,584,17.1275
405,1.071842,585,16.41785
406,1.100811,586,15.83835
407,1.216686,587,15.27845
408,1.245655,588,14.7235
409,1.216686,589,14.2005
410,1.274623,590,13.675
411,1.332561,591,13.09545
412,1.361529,592,12.6338
413,1.448436,593,12.182
414,1.506373,594,11.686
415,1.593279,595,11.26365
416,1.680185,596,10.88795
417,1.825029,597,10.4926
418,1.940904,598,10.09478
419,2.056779,599,9.80257
420,2.201622,600,9.39986
421,2.317497,601,8.940675
422,2.520278,602,8.604265
423,2.69409,603,8.35134
424,2.809965,604,8.120515
425,3.041715,605,7.818485
426,3.273465,606,7.455065
427,3.505214,607,7.194775
428,3.794902,608,7.000785
429,4.05562,609,6.723305
430,4.28737,610,6.436005
431,4.634995,611,6.217465
432,4.982619,612,5.974365
433,5.330244,613,5.69934
434,5.793743,614,5.502895
435,6.170336,615,5.360475
436,6.546929,616,5.17631
437,7.126303,617,4.930755
438,7.560834,618,4.69011
439,7.966396,619,4.50594
440,8.661645,620,4.383165
441,9.154113,621,4.257935
442,9.646582,622,4.06149
443,10.42874,623,3.83312
444,11.00811,624,3.702975
445,11.61645,625,3.604755
446,12.48552,626,3.43041
447,13.1518,627,3.25361
448,13.78911,628,3.113645
449,14.71611,629,2.97859
450,15.38239,630,2.853355
451,16.13557,631,2.737945
452,17.23639,632,2.60289
453,18.04751,633,2.509575
454,18.91657,634,2.41872
455,20.24913,635,2.300855
456,21.23407,636,2.195265
457,22.24797,637,2.111775
458,23.75435,638,2.050385
459,24.97103,639,1.979175
460,26.24566,640,1.87113
461,28.07068,641,1.77782
462,29.49015,642,1.721345
463,30.93859,643,1.642765
464,33.0533,644,1.586285
465,34.67555,645,1.51753
466,36.32677,646,1.426675
467,38.6153,647,1.38002
468,40.32445,648,1.34073
469,41.9467,649,1.29653
470,44.20626,650,1.24251
471,45.79953,651,1.17621
472,47.33488,652,1.102545
473,49.36269,653,1.036245
474,50.78215,654,0.9822215
475,52.14369,655,0.933111
476,53.85284,656,0.901189
477,55.06952,657,0.8692665
478,56.22828,658,0.847166
479,57.76361,659,0.837344
480,58.86443,660,0.778411
481,59.99421,661,0.7096555
482,61.64542,662,0.6826445
483,62.92004,663,0.6482665
484,64.25261,664,0.621255
485,66.19351,665,0.589333
486,67.72885,666,0.5451335
487,69.40904,667,0.5279445
488,71.90034,668,0.5156665
489,73.84126,669,0.496022
490,75.89803,670,0.4641
491,78.82387,671,0.410078
492,81.08344,672,0.402711
493,83.31403,673,0.3830665
494,86.3847,674,0.348689
495,88.64426,675,0.341322
496,90.78795,676,0.3314995
497,93.56895,677,0.3216775
498,95.39397,678,0.2995775
499,96.98726,679,0.292211
500,98.72537,680,0.2750225
501,99.56547,681,0.238189
502,100,682,0.216089
503,99.73928,683,0.216089
504,98.95712,684,0.225911
505,97.65353,685,0.2111775
506,94.98841,686,0.1767995
507,92.35226,687,0.164522
508,89.28158,688,0.1571555
509,84.21205,689,0.1448775
510,80.04056,690,0.1399665
511,75.49247,691,0.120322
512,68.74276,692,0.1055885
513,63.67323,693,0.1178665
514,58.54577,694,0.10804445
515,51.53534,695,0.0834889
516,46.61066,696,0.07366665
517,41.91773,697,0.07857775
518,35.80533,698,0.06875555
519,31.66281,699,0.0540222
520,27.95481,700,0.0417444
521,23.49363,,
522,20.59675,,
523,18.01854
524,14.91889
525,13.03592
526,11.32677
527,9.298957
528,8.053302
529,6.952491
530,5.648899
531,4.895712
532,4.229432
533,3.476246
534,2.983778
535,2.549247
536,2.085747
537,1.79606
538,1.535342
539,1.216686
540,1.071842
541,0.9269988
542,0.7531866
543,0.6373117
544,0.5504056
545,0.4634994
546,0.405562
547,0.3476246
548,0.2896872
549,0.2317497
550,0.202781
551,0.1738123
552,0.1158748
553,8.69E-02
554,5.79E-02
555,2.90E-02
556,0
557,0
558,-2.90E-02
559,-5.79E-02
560,-2.90E-02
561,-2.90E-02
562,-5.79E-02
563,-5.79E-02
564,-5.79E-02
565,-8.69E-02
566,-8.69E-02
567,-8.69E-02
568,-0.1158748
569,-8.69E-02
570,-8.69E-02
571,-0.1158748
572,-0.1158748
573,-0.1158748
574,-0.1158748
575,-8.69E-02
576,-8.69E-02
577,-8.69E-02
578,-5.79E-02
579,-2.90E-02
580,-5.79E-02
581,-2.90E-02
582,-2.90E-02
583,-2.90E-02
584,-2.90E-02
585,0
586,0
587,0
588,2.90E-02
589,0
590,0
591,0
592,-2.90E-02
593,0
594,0
595,-2.90E-02
596,-2.90E-02
597,-2.90E-02
598,-2.90E-02
599,-2.90E-02
600,-8.69E-02
Data Copyright MP Inc.