wl,abs,wl,em
300,5.709392,480,0.941344
301,5.623751,481,1.081094
302,5.53811,482,1.314241
303,5.509563,483,1.600454
304,5.481017,484,2.030594
305,5.452469,485,2.564576
306,5.452469,486,3.267749
307,5.481017,487,4.012747
308,5.509563,488,5.055497
309,5.566657,489,6.375955
310,5.652298,490,7.818307
311,5.709392,491,9.537823
312,5.82358,492,11.54181
313,5.937768,493,13.86215
314,6.137597,494,16.75227
315,6.308878,495,19.46974
316,6.508707,496,22.49613
317,6.76563,497,26.4738
318,6.994005,498,30.90791
319,7.222381,499,35.7508
320,7.336568,500,40.89355
321,7.393663,501,46.42442
322,7.393663,502,51.61631
323,7.308022,503,56.87871
324,7.250928,504,62.39551
325,7.13674,505,67.83575
326,6.879817,506,72.9339
327,6.76563,507,77.9823
328,6.679988,508,82.46131
329,6.508707,509,86.25935
330,6.365972,510,89.77137
331,6.280331,511,92.9907
332,6.251784,512,95.34057
333,6.166143,513,97.29032
334,6.080502,514,98.78532
335,6.166143,515,99.56673
336,6.166143,516,100
337,6.251784,517,99.45059
338,6.365972,518,99.06377
339,6.394519,519,98.10335
340,6.537254,520,96.79268
341,6.622895,521,95.03926
342,6.708535,522,92.87209
343,6.76563,523,91.10918
344,6.908364,524,88.78478
345,6.965458,525,86.30917
346,7.051099,526,83.60747
347,7.165287,527,81.14326
348,7.279475,528,78.51254
349,7.365116,529,75.92603
350,7.450757,530,73.03828
351,7.507851,531,70.45006
352,7.564944,532,68.13844
353,7.707679,533,65.38643
354,7.79332,534,63.05942
355,7.79332,535,60.6773
356,7.907508,536,58.49327
357,7.907508,537,56.52495
358,7.878961,538,54.48742
359,7.964602,539,52.45914
360,8.021696,540,50.92834
361,7.993149,541,49.17488
362,7.993149,542,47.61642
363,8.021696,543,46.1741
364,7.993149,544,45.00019
365,8.050242,545,43.7463
366,7.993149,546,42.43855
367,7.964602,547,41.34077
368,7.936055,548,40.078
369,7.850414,549,39.16312
370,7.764773,550,38.31845
371,7.79332,551,37.27491
372,7.736226,552,36.21457
373,7.679132,553,35.24352
374,7.564944,554,34.37671
375,7.507851,555,33.41878
376,7.450757,556,32.71833
377,7.393663,557,31.61111
378,7.336568,558,30.56847
379,7.222381,559,29.60226
380,7.13674,560,28.68134
381,7.022552,561,27.80647
382,6.936911,562,26.7204
383,6.879817,563,25.80196
384,6.822723,564,25.03229
385,6.737083,565,24.17806
386,6.622895,566,23.4963
387,6.537254,567,22.59138
388,6.423066,568,21.90058
389,6.251784,569,21.03369
390,6.166143,570,20.24841
391,6.080502,571,19.49148
392,5.937768,572,18.74068
393,5.795033,573,18.03148
394,5.680845,574,17.24209
395,5.509563,575,16.60151
396,5.395375,576,16.03885
397,5.281188,577,15.38026
398,5.138453,578,14.8022
399,5.081359,579,14.25944
400,4.995718,580,13.59103
401,4.88153,581,13.11067
402,4.852983,582,12.64549
403,4.767342,583,12.08969
404,4.653154,584,11.60436
405,4.596061,585,11.1945
406,4.567514,586,10.69578
407,4.481873,587,10.27237
408,4.481873,588,9.823664
409,4.424778,589,9.542763
410,4.424778,590,9.184197
411,4.396232,591,8.818641
412,4.367685,592,8.476113
413,4.396232,593,8.290547
414,4.453326,594,7.921775
415,4.510419,595,7.663904
416,4.567514,596,7.418685
417,4.624608,597,7.056474
418,4.681702,598,6.869364
419,4.824436,599,6.535842
420,4.938624,600,6.334023
421,5.052812,601,6.042059
422,5.195547,602,5.828146
423,5.366828,603,5.624268
424,5.53811,604,5.430811
425,5.795033,605,5.264844
426,5.994862,606,4.973265
427,6.19469,607,4.838862
428,6.508707,608,4.773504
429,6.794177,609,4.495863
430,7.051099,610,4.435524
431,7.393663,611,4.12679
432,7.679132,612,4.00774
433,7.936055,613,3.869863
434,8.335712,614,3.772427
435,8.678276,615,3.672246
436,8.963745,616,3.543633
437,9.420497,617,3.433331
438,9.763061,618,3.340355
439,10.16272,619,3.255999
440,10.70511,620,3.152002
441,11.19041,621,3.024846
442,11.67571,622,2.937317
443,12.36083,623,2.79425
444,12.98887,624,2.727607
445,13.67399,625,2.618334
446,14.67314,626,2.536337
447,15.501,627,2.474196
448,16.35741,628,2.390483
449,17.52783,629,2.287301
450,18.52698,630,2.175498
451,19.52612,631,2.135185
452,20.92492,632,2.022568
453,22.09535,633,2.013305
454,23.23722,634,1.869638
455,24.75021,635,1.812686
456,25.94919,636,1.75076
457,27.09106,637,1.668033
458,28.54696,638,1.638228
459,29.71738,639,1.595771
460,30.77362,640,1.481438
461,32.05824,641,1.457765
462,33.00029,642,1.403944
463,33.8567,643,1.346092
464,34.88438,644,1.331682
465,35.59806,645,1.281377
466,36.28319,646,1.259549
467,37.11105,647,1.166187
468,37.76763,648,1.149847
469,38.45275,649,1.116825
470,39.33771,650,1.043791
471,40.16557,,
472,41.10762,,
473,42.44933,,
474,43.76249,,
475,45.24693
476,47.47359
477,49.50043
478,51.75564
479,55.03854
480,57.86469
481,60.86212
482,64.91579
483,68.25578
484,71.88125
485,76.30602
486,79.70311
487,83.27148
488,87.49643
489,90.49387
490,93.32001
491,96.26035
492,98.00172
493,99.31487
494,100
495,99.80017
496,98.85812
497,96.66001
498,94.23351
499,91.00771
500,86.12617
501,81.81558
502,76.87697
503,70.36826
504,65.2298
505,59.69169
506,52.95461
507,48.07308
508,43.10591
509,37.31088
510,33.22866
511,29.20354
512,24.72167
513,21.66714
514,18.7839
515,15.61519
516,13.58835
517,11.70425
518,9.705967
519,8.421353
520,7.222381
521,5.994862
522,5.195547
523,4.510419
524,3.711105
525,3.225806
526,2.826149
527,2.369398
528,2.083928
529,1.827005
530,1.541536
531,1.370254
532,1.198972
533,1.027691
534,0.9135027
535,0.8278618
536,0.7136739
537,0.6565801
538,0.5709392
539,0.5138453
540,0.4852983
541,0.4567513
542,0.4282044
543,0.3996574
544,0.3711105
545,0.3711105
546,0.3425635
547,0.3140166
548,0.3140166
549,0.3140166
550,0.2854696
551,0.2854696
552,0.2854696
553,0.2569226
554,0.2283757
555,0.2283757
556,0.2283757
557,0.1998287
558,0.1998287
559,0.1998287
560,0.1998287
561,0.1998287
562,0.1998287
563,0.1998287
564,0.1712818
565,0.1712818
566,0.1427348
567,0.1427348
568,0.1427348
569,0.1141878
570,0.1141878
571,0.1141878
572,0.1141878
573,8.56E-02
574,5.71E-02
575,2.85E-02
576,0
577,0
578,0
579,0
580,-2.85E-02
581,0
582,-2.85E-02
583,-5.71E-02
584,-5.71E-02
585,-5.71E-02
586,-5.71E-02
587,-2.85E-02
588,-2.85E-02
589,-2.85E-02
590,-2.85E-02
591,-2.85E-02
592,-2.85E-02
593,0
594,0
595,0
596,2.85E-02
597,2.85E-02
598,0
599,2.85E-02
600,5.71E-02
Data Copyright MP Inc.