wl,ex,wl,em,Data copyright Life Technologies
400,1.7689779,480,0.735393118
401,1.905656794,481,0.81955415
402,1.918349359,482,0.977761217
403,1.930304349,483,1.220643481
404,1.954595092,484,1.48413008
405,2.000212283,485,1.882188717
406,2.021745399,486,2.329081033
407,2.072749218,487,2.97119658
408,2.092642931,488,3.630345857
409,2.110454648,489,4.508433868
410,2.170033266,490,5.495103606
411,2.228484107,491,6.700505121
412,2.263150956,492,8.020116742
413,2.36911695,493,9.753724104
414,2.435830336,494,11.51069165
415,2.506031822,495,13.8118253
416,2.612134935,496,16.50414706
417,2.827750899,497,19.27562512
418,2.980114261,498,22.63561201
419,3.135027128,499,26.00642882
420,3.364673062,500,29.9287411
421,3.54682037,501,33.82275575
422,3.778061477,502,38.19018269
423,4.064792492,503,42.3673534
424,4.280169671,504,46.87767291
425,4.532452431,505,51.39017227
426,4.780646511,506,56.16658807
427,4.997055592,507,61.00124242
428,5.330479992,508,65.47276363
429,5.673734834,509,69.87361648
430,5.982688224,510,73.91406623
431,6.227485168,511,77.82080856
432,6.641109199,512,80.92335643
433,6.989502402,513,84.04498435
434,7.363671493,514,87.16329362
435,7.714655331,515,89.94450046
436,8.040661971,516,92.44782513
437,8.548149179,517,94.26872271
438,8.975357928,518,96.27477534
439,9.426594519,519,98.04507359
440,9.996114049,520,99.45494899
441,10.55498852,521,100
442,11.231385,522,99.82763418
443,11.91595876,523,99.00090852
444,12.58218687,524,99.25024351
445,13.59434605,525,98.74552446
446,14.42458662,526,98.30696853
447,15.27220908,527,97.87511345
448,16.13976577,528,96.3607424
449,17.21827494,529,94.76153946
450,18.15577303,530,93.4275957
451,19.46830295,531,91.72593256
452,20.92538434,532,89.86248056
453,22.30042425,533,88.50237458
454,23.77476159,534,87.12316916
455,25.10598769,535,85.55237618
456,26.41097206,536,83.30102997
457,27.59213291,537,81.70943954
458,28.96586917,538,80.02893819
459,30.35042225,539,78.26420619
460,31.54220621,540,76.07350222
461,32.88347266,541,74.34384147
462,34.06462636,542,72.66929141
463,35.10555557,543,71.42745832
464,36.11612393,544,69.9177663
465,37.05679103,545,68.10657556
466,38.51576977,546,65.76721624
467,39.65979144,547,64.08238683
468,40.52955394,548,62.30731487
469,41.73412721,549,61.10754777
470,43.2756096,550,59.70922271
471,44.69968695,551,58.37514382
472,46.6534117,552,57.16354836
473,47.91389766,553,55.64792832
474,49.82135794,554,53.94376787
475,52.22828857,555,52.72815548
476,54.57541126,556,51.34299422
477,57.44459673,557,50.27385095
478,60.25606698,558,48.94868736
479,63.26890516,559,47.86129424
480,66.68275621,560,46.78462574
481,69.8984983,561,45.56807258
482,73.20167987,562,44.47907833
483,77.00895731,563,43.27216568
484,80.7746637,564,42.4418771
485,84.55029891,565,41.31395922
486,87.9746506,566,40.35931654
487,91.2458492,567,39.25712475
488,93.61766542,568,38.39999147
489,96.04166688,569,37.10864441
490,97.97515339,570,36.02836718
491,99.33043314,571,34.85615017
492,99.83588298,572,34.0296313
493,100,573,32.82362491
494,99.12262255,574,32.04573827
495,97.92860985,575,31.18266328
496,95.36365634,576,29.90943733
497,92.19931683,577,28.70414073
498,88.09100975,578,27.56283644
499,83.76846514,579,26.99912787
500,79.11204069,580,26.24398811
501,74.29444763,581,25.63543409
502,68.91519726,582,24.68907083
503,63.56642838,583,24.06186747
504,58.28607171,584,23.30199711
505,53.05347331,585,22.62127728
506,47.66601444,586,21.95523936
507,42.17185234,587,21.22002829
508,37.39269835,588,20.62999167
509,33.14709158,589,19.89533065
510,29.14651639,590,19.34172015
511,25.3202395,591,18.72017368
512,21.85499052,592,18.08110425
513,18.78130618,593,17.54343092
514,16.21504115,594,16.91809394
515,13.87368856,595,16.51423945
516,11.89516164,596,15.79772259
517,10.05550506,597,15.61412598
518,8.582729071,598,15.25817887
519,7.3621729,599,14.73601049
520,6.183079292,600,14.24568483
521,5.219844928,601,13.77733746
522,4.401080782,602,13.28452754
523,3.646183776,603,13.0618898
524,3.046789005,604,12.57355553
525,2.537869703,605,12.26796969
526,2.151453051,606,12.05534932
527,1.820058728,607,11.86049054
528,1.567033536,608,11.25855892
529,1.39328015,609,10.95711646
530,1.181909069,610,10.50196134
531,1.016442515,611,10.33827457
532,0.887972673,612,9.979125403
533,0.777199898,613,9.622026899
534,0.674002509,614,9.400918227
535,0.608539675,615,9.117029356
536,0.527828018,616,8.960117952
537,0.505785399,617,8.699403331
538,0.468175278,618,8.393471813
539,0.412308518,619,7.947502721
540,0.377937857,620,7.731528159
,,621,7.565789346
,,622,7.100965145
,,623,7.010091719
,,624,6.863077796
,,625,6.485725033
,,626,6.400155821
,,627,6.180455896
,,628,5.891093892
,,629,5.731838526
,,630,5.490897266
,,631,5.363258798
,,632,5.231055349
,,633,5.091126114
,,634,4.905176275
,,635,4.859987139
,,636,4.723803062
,,637,4.590031021
,,638,4.51955766
,,639,4.411012187
,,640,4.267597907
,,641,4.147357508
,,642,4.088838369
,,643,4.025221127
,,644,3.892609104
,,645,3.688093476
,,646,3.688159806
,,647,3.549810324
,,648,3.412622294
,,649,3.231570606
,,650,3.311840474
,,651,3.135583052
,,652,3.080703305
,,653,3.107575358
,,654,3.003319543
,,655,2.917544983
,,656,2.896192552
,,657,2.775954494
,,658,2.668532291
,,659,2.60332361
,,660,2.554930442
,,661,2.416866302
,,662,2.352339676
,,663,2.319923191
,,664,2.317056474
,,665,2.254005997
,,666,2.275601943
,,667,2.131067101
,,668,2.119571389
,,669,2.021772588
,,670,2.017537513
,,671,2.006307021
,,672,1.951697716
,,673,1.949349477
,,674,1.827634535
,,675,1.803354047
,,676,1.745591453
,,677,1.694580828
,,678,1.712021975
,,679,1.673782355
,,680,1.633756126
,,681,1.469920626
,,682,1.470410483
,,683,1.484947934
,,684,1.457136483
,,685,1.378059897
,,686,1.310298575
,,687,1.357511959
,,688,1.362950836
,,689,1.341261591
,,690,1.358814154
,,691,1.201577171
,,692,1.211295112
,,693,1.201657643
,,694,1.15133076
,,695,1.14580235
,,696,1.140308875
,,697,1.07916533
,,698,1.193570015
,,699,1.036777846
,,700,0.998332005
