wl,ex,wl,em,Data copyright Molecular Probes
500,2.707098979,610,1.679365162
501,2.631864849,611,1.836845095
502,2.663914139,612,2.080027462
503,2.78624039,613,2.358528517
504,2.879193465,614,2.692150398
505,2.942028921,615,3.035309461
506,3.034712575,616,3.469014534
507,3.163327526,617,3.955802219
508,3.300467047,618,4.522885049
509,3.422636927,619,5.163811504
510,3.506523368,620,5.908807685
511,3.712059151,621,6.676966388
512,3.813175761,622,7.616719951
513,4.007295445,623,8.80478019
514,4.077872565,624,10.04498458
515,4.394100793,625,11.42703689
516,4.461570809,626,13.07050735
517,4.600230914,627,14.93503218
518,4.871990943,628,16.96417629
519,5.150803286,629,19.15840964
520,5.278018351,630,21.64754867
521,5.467795444,631,24.48551925
522,5.653683111,632,27.45814687
523,5.801834988,633,30.61628374
524,6.089149895,634,34.20094879
525,6.39400144,635,38.14419716
526,6.572954559,636,42.19175253
527,6.853935698,637,46.82989
528,7.132657787,638,51.30011286
529,7.405250475,639,56.34678874
530,7.742888593,640,61.67269686
531,8.055047325,641,66.66971649
532,8.320220299,642,71.91712942
533,8.671691673,643,76.99767894
534,8.955792683,644,81.95134893
535,9.309387228,645,86.41618095
536,9.591100631,646,90.20192308
537,9.86431366,647,93.66200393
538,10.3206037,648,95.92123529
539,10.69813648,649,97.91116028
540,11.17829309,650,99.34689254
541,11.55889898,651,99.58629349
542,11.74875354,652,100
543,12.24040087,653,99.36795327
544,12.63125767,654,97.21822444
545,12.986808,655,96.23498118
546,13.33965599,656,92.91841744
547,13.74912798,657,89.4404146
548,14.10265647,658,85.84947628
549,14.48130038,659,81.24188235
550,14.74847561,660,76.9929884
551,15.39722914,661,72.94579774
552,15.78901667,662,69.10385411
553,16.31937776,663,65.40946107
554,16.69422356,664,62.40934836
555,17.06556067,665,57.89987571
556,17.60895487,666,55.10783525
557,18.19848786,667,51.60536778
558,18.78073809,668,49.14559755
559,19.19611175,669,46.32879305
560,19.83880582,670,44.46161541
561,20.37076507,671,42.26201669
562,21.34839246,672,40.05010122
563,21.93466505,673,38.36569189
564,22.82921333,674,36.61234693
565,23.52111394,675,34.87024894
566,24.31786929,676,33.6132119
567,25.28667862,677,32.24187262
568,26.17707221,678,31.07704399
569,27.09654024,679,30.22099366
570,28.2224226,680,29.49114875
571,29.32078628,681,28.61524507
572,30.54382696,682,27.83615302
573,32.06729356,683,27.50058167
574,32.92024917,684,26.80503154
575,34.44654929,685,26.51430235
576,35.75566202,686,26.1934349
577,36.75032123,687,25.53925768
578,37.89569279,688,25.33124099
579,38.97324199,689,25.45123758
580,40.18041001,690,24.88845704
581,41.32514439,691,24.58532838
582,42.35403928,692,24.42912883
583,43.34219908,693,24.46936222
584,44.29823078,694,24.31166414
585,44.96109015,695,24.32751625
586,45.92479208,696,24.23683892
587,46.68270946,697,24.3066549
588,47.33387966,698,24.33845754
589,47.69815001,699,23.86305768
590,48.35911164,700,23.91085835
591,49.14203311,701,24.08438961
592,49.49218835,702,23.77404795
593,49.96423598,703,23.67343194
594,50.31909937,704,23.86219146
595,50.9226004,705,23.60529633
596,51.13526427,706,23.46996093
597,51.58199763,707,23.63924715
598,51.85652516,708,23.47553161
599,52.63618151,709,23.21999497
600,52.74680478,710,23.05974652
601,53.36807667,711,22.86755314
602,54.07794001,712,22.7848495
603,54.87804878,713,22.35634856
604,55.44362153,714,22.42922588
605,56.02085804,715,22.32496047
606,56.85033679,716,21.89185166
607,57.78146709,717,21.71819412
608,58.88766475,718,21.20409399
609,59.81320692,719,20.91176305
610,61.18313813,720,20.4903677
611,62.24854772,721,20.07503449
612,63.47583366,722,19.52115682
613,65.19833172,723,18.93882084
614,66.18430266,724,18.49309384
615,68.04524567,725,18.03655457
616,69.88977956,726,17.40497602
617,71.63964219,727,16.85427455
618,73.48373822,728,16.24161705
619,75.2588382,729,15.61598778
620,76.86167659,730,15.13841728
621,79.1199801,731,14.40630386
622,80.75986826,732,14.02632905
623,82.90543432,733,13.35840598
624,84.6817717,734,12.92209611
625,86.89200892,735,12.32484557
626,88.40760931,736,11.8751925
627,90.34545082,737,11.32556163
628,92.43828163,738,10.86238668
629,93.78552482,739,10.30277163
630,95.10057643,740,9.926515874
631,96.38652041,741,9.614076811
632,97.9452086,742,9.173431914
633,98.78663316,743,8.763587863
634,99.5417192,744,8.397386602
635,100,745,8.177419182
636,99.50693395,746,7.669920634
637,98.96784678,747,7.342120257
638,98.47717209,748,7.077293723
639,97.04654946,749,6.884847372
640,95.39037646,750,6.573660959
641,93.32833088,751,6.261038292
642,90.72341937,752,6.025383142
643,87.52017976,753,5.907426533
644,83.63531811,754,5.751913391
645,79.95766661,755,5.467262523
646,75.39203212,756,5.388823256
647,71.34339031,757,5.340745469
648,66.60190813,758,5.173481437
649,61.71622578,759,5.027000788
650,56.90098175,760,5.04264047
651,51.22715804,761,4.937034958
652,46.57588734,762,4.798101429
653,41.18220724,763,4.794156673
654,36.32938137,764,4.656262693
655,31.99968303,765,4.547729772
656,28.65562506,766,4.530877577
657,25.17649201,767,4.402733022
658,22.11987545,768,4.357894761
659,19.36574313,769,4.381058678
660,16.74587518,770,4.284306127
661,14.73340424,771,4.32260394
662,13.02422059,772,4.14016794
663,11.26524892,773,4.197222954
664,9.985606873,774,4.114346752
665,8.558468945,775,4.033433385
666,7.60707912,776,3.940279194
667,6.422560384,777,3.836917204
668,5.783152417,778,3.884025184
669,5.097073171,779,3.692830603
670,4.593586672,780,3.738104607
,,781,3.776378644
,,782,3.619774268
,,783,3.510271077
,,784,3.519131452
,,785,3.462127613
,,786,3.388698554
,,787,3.438572253
,,788,3.393789027
,,789,3.325707743
,,790,3.308724958
,,791,3.411160722
,,792,3.290629663
,,793,3.264512748
,,794,3.174084467
,,795,3.147478985
,,796,3.039558664
,,797,3.128086949
,,798,2.971020832
,,799,2.903773037
,,800,2.799272748
