wl,abs,wl,em
300,5.434504,480,1.98263
301,5.408869,481,2.358502
302,5.331966,482,2.731223
303,5.293514,483,3.280847
304,5.255063,484,3.972699
305,5.203794,485,4.868438
306,5.165342,486,5.910693
307,5.152525,487,7.186718
308,5.114073,488,8.690966
309,5.101256,489,10.54423
310,5.088439,490,12.67804
311,5.024353,491,14.96694
312,4.960267,492,17.65756
313,4.908998,493,20.72128
314,4.793643,494,24.23287
315,4.652653,495,28.21225
316,4.486029,496,32.42478
317,4.255319,497,37.64753
318,3.998975,498,43.40514
319,3.716995,499,48.96077
320,3.358113,500,54.77639
321,3.088952,501,60.8186
322,2.832607,502,66.83533
323,2.524994,503,72.42033
324,2.281466,504,77.69075
325,2.050756,505,82.92599
326,1.781594,506,87.71851
327,1.589336,507,91.02672
328,1.448347,508,94.15601
329,1.243271,509,97.02215
330,1.089464,510,98.46549
331,0.9741092,511,99.55213
332,0.845937,512,100
333,0.7433991,513,99.39149
334,0.6536786,514,98.5269
335,0.5639579,515,96.65056
336,0.4614201,516,94.72114
337,0.3845168,517,92.04414
338,0.3332479,518,89.9257
339,0.3332479,519,87.1245
340,0.3204307,520,84.04111
341,0.2435273,521,81.10903
342,0.2435273,522,77.97646
343,0.2178929,523,74.72009
344,0.1794412,524,71.8146
345,0.1922584,525,69.27365
346,0.1794412,526,66.59765
347,0.1794412,527,64.27924
348,0.1794412,528,62.15792
349,0.1794412,529,60.01188
350,0.1794412,530,58.23314
351,0.2050756,531,56.17737
352,0.1794412,532,54.77299
353,0.1922584,533,52.95957
354,0.166624,534,51.82237
355,0.1794412,535,50.63574
356,0.2178929,536,49.37069
357,0.2050756,537,48.28216
358,0.2178929,538,47.29589
359,0.2307101,539,45.86326
360,0.2050756,540,44.8616
361,0.2307101,541,44.39684
362,0.2691617,542,43.19672
363,0.2691617,543,42.15472
364,0.2691617,544,41.48493
365,0.2691617,545,40.03919
366,0.281979,546,39.28706
367,0.3076134,547,38.32248
368,0.2947962,548,37.21743
369,0.3076134,549,36.07078
370,0.3716996,550,35.05803
371,0.3845168,551,34.16506
372,0.397334,552,33.06644
373,0.4357857,553,32.14486
374,0.4486029,554,30.92683
375,0.4742374,555,29.9306
376,0.5255063,556,28.74019
377,0.5383235,557,27.53692
378,0.5639579,558,26.70208
379,0.5895924,559,25.67723
380,0.6152269,560,24.68162
381,0.6536786,561,23.75083
382,0.6921303,562,22.80302
383,0.7690336,563,21.81561
384,0.8331198,564,20.79971
385,0.9228403,565,19.99261
386,0.9997436,566,19.17114
387,1.06383,567,18.43402
388,1.102281,568,17.62087
389,1.179185,569,16.98714
390,1.256088,570,16.21333
391,1.332992,571,15.63042
392,1.397078,572,15.00767
393,1.461164,573,14.41416
394,1.576519,574,13.94272
395,1.704691,575,13.36308
396,1.820046,576,12.83086
397,1.935401,577,12.38992
398,2.089208,578,11.97925
399,2.21738,579,11.49696
400,2.371187,580,11.15135
401,2.563445,581,10.77018
402,2.717252,582,10.40755
403,2.871059,583,9.844431
404,3.088952,584,9.569935
405,3.255575,585,9.261141
406,3.435017,586,8.851855
407,3.691361,587,8.681382
408,3.909254,588,8.134659
409,4.139964,589,7.825992
410,4.460395,590,7.650349
411,4.729557,591,7.364378
412,4.973084,592,7.028476
413,5.319149,593,6.775919
414,5.601128,594,6.59662
415,5.895924,595,6.198808
416,6.318892,596,6.07234
417,6.664958,597,5.833274
418,6.998206,598,5.557139
419,7.48526,599,5.425249
420,7.869777,600,5.314795
421,8.267111,601,5.116078
422,8.843886,602,4.974606
423,9.292489,603,4.753445
424,9.753909,604,4.652447
425,10.4204,605,4.490296
426,10.94591,606,4.288301
427,11.50987,607,4.218574
428,12.29172,608,4.045453
429,12.89413,609,3.84434
430,13.50936,610,3.718125
431,14.39375,611,3.610949
432,15.07306,612,3.493055
433,15.80364,613,3.393823
434,16.80338,614,3.264707
435,17.57242,615,3.123235
436,18.36708,616,3.030433
437,19.495,617,2.919852
438,20.35376,618,2.679778
439,21.27659,619,2.646617
440,22.58395,620,2.538306
441,23.5837,621,2.42243
442,24.62189,622,2.413477
443,26.13432,623,2.321054
444,27.28787,624,2.273644
445,28.49269,625,2.152977
446,30.23584,626,2.103045
447,31.54319,627,1.954008
448,32.87619,628,1.936607
449,34.72187,629,1.921855
450,36.06767,630,1.749617
451,37.46475,631,1.735368
452,39.46424,632,1.671189
453,40.96385,633,1.586079
454,42.47629,634,1.621006
455,44.53986,635,1.497564
456,46.06511,636,1.456081
457,47.60318,637,1.391775
458,49.67957,638,1.381562
459,51.192,639,1.324317
460,52.70443,640,1.277538
461,54.71674,641,1.200497
462,56.12664,642,1.165823
463,57.52371,643,1.183475
464,59.40784,644,1.122322
465,60.72802,645,1.088278
466,62.00974,646,1.091808
467,63.72725,647,1.018676
468,64.9577,648,0.9841278
469,66.20097,649,0.9502098
470,67.89285,650,0.9231006
471,69.13612,,
472,70.3922,,
473,72.18661,,
474,73.59651,,
475,75.05768
476,77.13407
477,78.76186
478,80.45373
479,82.87619
480,84.69623
481,86.58036
482,89.18226
483,91.02795
484,92.77109
485,94.96283
486,96.38554
487,97.616
488,98.9618
489,99.61548
490,100
491,99.84619
492,99.30787
493,98.34658
494,96.30864
495,94.2707
496,91.78416
497,87.69546
498,84.23481
499,80.37682
500,74.54499
501,69.98206
502,65.2525
503,58.61318
504,53.70418
505,48.84645
506,42.42502
507,38.0159
508,33.85029
509,28.60805
510,25.1474
511,21.95591
512,18.05947
513,15.59856
514,13.38118
515,10.7921
516,9.202768
517,7.831325
518,6.216355
519,5.255063
520,4.447577
521,3.550372
522,3.037683
523,2.58908
524,2.076391
525,1.794412
526,1.538067
527,1.230454
528,1.076647
529,0.9356576
530,0.7690336
531,0.6921303
532,0.6024096
533,0.5126891
534,0.4614201
535,0.4101512
536,0.3460651
537,0.3204307
538,0.2947962
539,0.2691617
540,0.2435273
541,0.2307101
542,0.2178929
543,0.2050756
544,0.1794412
545,0.1794412
546,0.166624
547,0.166624
548,0.1538067
549,0.1409895
550,0.1409895
551,0.1281723
552,0.115355
553,0.1281723
554,0.1281723
555,0.1281723
556,0.1409895
557,0.1409895
558,0.1281723
559,0.115355
560,0.115355
561,0.115355
562,0.115355
563,0.115355
564,0.1025378
565,8.97E-02
566,7.69E-02
567,7.69E-02
568,7.69E-02
569,6.41E-02
570,6.41E-02
571,5.13E-02
572,6.41E-02
573,6.41E-02
574,5.13E-02
575,5.13E-02
576,6.41E-02
577,6.41E-02
578,6.41E-02
579,7.69E-02
580,6.41E-02
581,6.41E-02
582,6.41E-02
583,6.41E-02
584,6.41E-02
585,6.41E-02
586,6.41E-02
587,7.69E-02
588,7.69E-02
589,7.69E-02
590,6.41E-02
591,5.13E-02
592,6.41E-02
593,7.69E-02
594,6.41E-02
595,6.41E-02
596,7.69E-02
597,7.69E-02
598,7.69E-02
599,7.69E-02
600,6.41E-02
Data Copyright MP Inc.