wl,abs,wl,em, Data copyright Molecular Probes
300,100,480,0.114951522
301,97.77549092,481,0.104676525
302,95.67456567,482,0.09276922
303,93.80433025,483,0.081677124
304,91.97940891,484,0.072661358
305,90.1833238,485,0.05944509
306,88.44903061,486,0.051313752
307,86.63646765,487,0.043968906
308,84.74151546,488,0.034274979
309,83.00722227,489,0.02996758
310,81.20289824,490,0.024423529
311,79.4727245,491,0.02141965
312,77.74667023,492,0.01703099
313,76.13596088,493,0.016823195
314,74.5911629,494,0.015072217
315,73.12463469,495,0.011965485
316,71.65398702,496,0.009396121
317,70.27808695,497,0.009222098
318,69.02577073,498,0.005078025
319,67.81876858,499,0.004087211
320,66.63648319,500,0.002358415
321,65.52834811,501,0.000718821
322,64.54791633,502,0.001694296
323,63.59220132,503,-0.00056377
324,62.72711445,504,-0.000421153
325,61.8496692,505,-0.000128491
326,61.04225479,506,-0.000619314
327,59.60044335,507,-0.000319466
328,59.20909453,508,-0.002691861
329,58.69416187,509,-0.001166134
330,58.03504807,510,-0.000366904
331,57.37593426,511,-0.000710782
332,56.81568753,512,-0.002131737
333,56.18540996,513,0.00031531
334,55.596327,514,0.002314011
335,54.99900511,515,0.00081726
336,54.48407245,516,0.00346996
337,53.89498949,517,0.003924095
338,53.38829576,518,0.004475075
339,52.88160202,519,0.008445403
340,52.41198344,520,0.009487217
341,51.87233401,521,0.010562229
342,51.50158249,522,0.01526871
343,51.01548607,523,0.018073883
344,50.57882317,524,0.021821558
345,50.13804082,525,0.029362982
346,49.693139,526,0.033149968
347,49.28531233,527,0.03879851
348,48.84041052,528,0.04708452
349,48.45730062,529,0.055277058
350,48.01651826,530,0.065227387
351,47.59221375,531,0.073652464
352,47.17614816,532,0.088578623
353,46.77244096,533,0.099716931
354,46.30694184,534,0.117438761
355,45.94854871,535,0.131596347
356,45.54072204,536,0.151938358
357,45.07934238,537,0.178437341
358,44.70859086,538,0.199552019
359,44.26368905,539,0.227839266
360,43.90529592,540,0.26344127
361,43.49334979,541,0.29748788
362,43.08552312,542,0.346078565
363,42.71889107,543,0.398303047
364,42.33166171,544,0.463457306
365,41.89911828,545,0.53844155
366,41.54072515,546,0.61753494
367,41.16173471,547,0.736437726
368,40.81981943,548,0.863837936
369,40.46554576,549,1.005873116
370,40.11951101,550,1.211813948
371,39.74422809,551,1.421000468
372,39.33681337,552,1.696685625
373,39.04845108,553,2.020711393
374,38.70241634,554,2.436515111
375,38.35226213,555,2.910694969
376,38.01817382,556,3.481653567
377,37.65195371,557,4.171328294
378,37.36359142,558,4.982787508
379,36.9516453,559,5.916294293
380,36.67152193,560,7.03501603
381,36.14835035,561,8.30690833
382,36.0371249,562,9.800332963
383,35.67420036,563,11.39011232
384,35.31621917,564,13.42232614
385,35.0851174,565,15.52333131
386,34.80952544,566,18.09895781
387,34.5046853,567,20.76446901
388,34.21220355,568,23.96006093
389,33.91560234,569,27.32219148
390,33.64783736,570,31.41064892
391,33.35123615,571,35.46363669
392,33.00478946,572,39.85717524
393,32.72095858,573,44.43343361
394,32.43671575,574,49.68136378
395,32.11127831,575,54.64989471
396,31.79407979,576,60.24089158
397,31.50118609,577,65.48127729
398,31.27502767,578,71.2809582
399,30.94959023,579,75.9844158
400,30.62827225,580,80.76513336
401,30.31931266,581,85.00423147
402,30.01447252,582,88.76699887
403,29.73846862,583,92.13249104
404,29.41303118,584,95.00237606
405,29.09583266,585,97.14342319
406,28.79099253,586,98.64436448
407,28.5067497,587,99.64356494
408,28.18955118,588,100
409,27.88059159,589,99.54092484
410,27.54279576,590,98.56149021
411,27.25031401,591,97.43044687
412,26.91663765,592,95.58247304
413,26.59078826,593,93.31907955
414,26.22456816,594,90.52555051
415,25.89913072,595,87.57745864
416,25.54073759,596,84.26408507
417,25.16586661,597,80.53116569
418,24.83219025,598,76.45385541
419,24.49851388,599,72.56804795
420,24.16895698,600,68.32826214
421,23.83940008,601,64.23140907
422,23.5180821,602,60.16504679
423,23.2420782,603,56.09258362
424,22.87132668,604,52.0604195
425,22.62827847,605,48.1524655
426,22.31174062,606,44.39344888
427,22.01074791,607,40.80641351
428,21.71014382,608,37.4253426
429,21.40817954,609,34.14016349
430,21.10563231,610,30.95561077
431,20.80813726,611,28.16173044
432,20.50559003,612,25.5676541
433,20.19604749,613,23.13989636
434,19.88417319,614,20.94592237
435,19.57929419,615,18.96648486
436,19.26469948,616,17.14962813
437,18.95282517,617,15.36356932
438,18.6331783,618,13.8350299
439,18.3174177,619,12.43165367
440,17.99446749,620,11.12575552
441,17.68045572,621,9.99589662
442,17.35964296,622,9.009923873
443,17.04874022,623,8.091801099
444,16.73084217,624,7.227264683
445,16.41953138,625,6.418339066
446,16.11700358,626,5.766140288
447,15.82456069,627,5.162699638
448,15.53561546,628,4.58158971
449,15.25910634,629,4.133363355
450,14.99717079,630,3.660965403
451,14.74611682,631,3.26408545
452,14.51255114,632,2.924416623
453,14.28403763,633,2.599704083
454,14.07612143,634,2.292967295
455,13.87731856,635,2.065856636
456,13.69818029,636,1.824081793
457,13.52621221,637,1.640468721
458,13.36629161,638,1.461713687
459,13.21608673,639,1.302769744
460,13.0738293,640,1.153307223
461,12.93802309,641,1.024852465
462,12.80841552,642,0.914294179
463,12.68036245,643,0.819381625
464,12.5528729,644,0.728150857
465,12.42911418,645,0.649790254
466,12.29832128,646,0.576344755
467,12.16560467,647,0.512178458
468,12.02552356,648,0.463979556
469,11.88406281,649,0.421466906
470,11.73560676,650,0.371817881
471,11.57937813,651,0.330374121
472,11.40993614,652,0.29650418
473,11.24379749,653,0.26428574
474,11.06677724,654,0.233706953
475,10.88548209,655,0.213460077
476,10.70068927,656,0.185719666
477,10.51356469,657,0.171586898
478,10.32838324,658,0.151609306
479,10.14417337,659,0.136980179
480,9.970650782,660,0.123147768
481,9.802549558,661,0.111926263
482,9.642648394,662,0.102069086
483,9.486225454,663,0.090054406
484,9.34437608,664,0.077998585
485,9.210299275,665,0.071693758
486,9.077776983,666,0.066051975
487,8.953415888,667,0.058488989
488,8.836438734,668,0.051301776
489,8.718101379,669,0.048731605
490,8.599569711,670,0.042172549
491,8.481815299,671,0.044611589
492,8.358231461,672,0.037723779
493,8.232121538,673,0.028461771
494,8.09513002,674,0.031214067
495,7.955612416,675,0.028659453
496,7.807544988,676,0.029591959
497,7.653842447,677,0.018947909
498,7.491784395,678,0.022794886
499,7.326228688,679,0.017205801
500,7.153871983,680,0.017732103
501,6.983652734,681,0.022984213
502,6.80488366,682,0.017661075
503,6.63874501,683,0.011692344
504,6.471051846,684,0.011492383
505,6.31249145,685,0.010616225
506,6.158788909,686,0.008881923
507,6.020048563,687,0.012039175
508,5.888886471,688,0.009423685
509,5.773658144,689,0.015969445
510,5.675140839,690,0.010681223
511,5.59352887,691,0.008652822
512,5.526101839,692,0.012414812
513,5.476940344,693,0.010394352
514,5.443906928,694,0.008194063
515,5.428361791,695,0.007008814
516,5.426224335,696,0.011489349
517,5.438271816,697,0.008341229
518,5.46061795,698,0.006511143
519,5.492096852,699,0.00833744
520,5.529988124,700,0.015120415
521,5.570405479,701,0.00685991
522,5.610822835,702,0.004300478
523,5.645993707,703,0.010387462
524,5.674169268,704,0.006239036
525,5.695349517,705,0.011911208
526,5.699430115,706,0.00929563
527,5.692046175,707,0.005140195
528,5.667756899,708,0.012698443
529,5.629865628,709,0.004764722
530,5.570988422,710,0.00660983
531,5.496760393,711,0.011183558
532,5.404655458,712,0.010079527
533,5.297394013,713,0.012909513
534,5.173615861,714,0.01024836
535,5.039150427,715,0.014305572
536,4.890111428,716,0.007854684
537,4.730190832,717,0.015305856
538,4.560554526,718,0.013341913
539,4.384505851,719,0.016829125
540,4.205736777,720,0.015598634
541,4.025218876,721,0.013526725
542,3.848392944,722,0.014593367
543,3.672538583,723,0.021092741
544,3.513395244,724,0.011762523
545,3.363967616,725,0.015438975
546,3.235720237,726,0.011568922
547,3.123989566,727,0.009567268
548,3.038685628,728,0.017339439
549,2.980974307,729,0.019137528
550,2.945997749,730,0.017163099
551,2.947357949,731,0.014399596
552,2.975533509,732,0.007629756
553,3.035187972,733,0.013395109
554,3.123989566,734,0.01390192
555,3.24368712,735,0.015246917
556,3.382427466,736,0.021972958
557,3.54778886,737,0.023446297
558,3.731221475,738,0.020639083
559,3.928644713,739,0.014069829
560,4.14219603,740,0.009751321
561,4.354192834,741,0.008204502
562,4.575711035,742,0.015442764
563,4.790039609,743,0.01687027
564,5.004756812,744,0.020689743
565,5.200625536,745,0.010834106
566,5.400963488,746,0.004509776
567,5.572931564,747,0.004105306
568,5.738487272,748,0.010082472
569,5.877421932,749,0.0132016
570,6.003920484,750,0.016151219
571,6.103603674,751,0.017985694
572,6.185798585,752,0.01088672
573,6.243121277,753,0.006155949
574,6.279652349,754,0.007694176
575,6.292865715,755,0.01812323
576,6.277320578,756,0.018361243
577,6.234377137,757,0.019579316
578,6.165589907,758,0.022154205
579,6.065712403,759,0.008619205
580,5.935133253,760,0.018158666
581,5.772492259,761,0.015834719
582,5.5898369,762,0.020275598
583,5.371427728,763,0.015658717
584,5.137279104,764,0.016312664
585,4.873400405,765,0.01335769
586,4.604663852,766,0.009044511
587,4.315718621,767,0.015342819
588,4.027356332,768,0.013859733
589,3.733358931,769,0.017553552
590,3.444219385,770,0.023461661
591,3.15741161,771,0.017475233
592,2.875267376,772,0.018238154
593,2.612748878,773,0.014804383
594,2.358002947,774,0.013535882
595,2.120550982,775,0.013090592
596,1.894952183,776,0.013306688
597,1.692282461,777,0.021189841
598,1.497365877,778,0.018120526
599,1.327166059,779,0.018642734
600,1.16199898,780,0.01589851
601,1.020538235,781,0.000463561
602,0.888015943,782,0.020540409
603,0.773759187,783,0.031555032
604,0.670189713,784,0.012963735
605,0.580416547,785,0.016017658
606,0.501330664,786,0.011830167
607,0.431571862,787,0.027628231
608,0.369974257,788,0.025145509
609,0.317898049,789,0.011931276
610,0.273011466,790,0.01552626
611,0.232982739,791,0.012378963
612,0.200920894,792,0.007143933
613,0.171754331,793,0.013701499
614,0.145541344,794,0.021395233
615,0.125332666,795,0.014773478
616,0.10842733,796,0.01995476
617,0.092104936,797,0.009332568
618,0.079668826,798,0.027500429
619,0.067621345,799,0.010183104
620,0.057711321,800,0.01357141
621,0.050327381
622,0.042749126
623,0.036531072
624,0.032839102
625,0.029341446
626,0.024094962
627,0.021763192
628,0.020791621
629,0.018265536
630,0.015350823
631,0.01476788
632,0.013796309
633,0.009910025
634,0.011270224
635,0.010687282
636,0.009327082
637,0.008938454
638,0.009113336
639,0.006606683
640,0.006800997
641,0.006995312
642,0.004857855
643,0.005635112
644,0.005635112
645,0.005052169
646,0.005635112
647,0.005829426
648,0.006023741
649,0.006218055
650,0.003109027
651,0.004857855
652,0.003886284
653,0.003886284
654,0.00369197
655,0.003303342
656,0.003478224
657,0.001943142
658,0.002720399
659,0.002526085
660,0.002526085
661,0.002137456
662,0.002914713
663,0.003109027
664,0.002331771
665,0.001165885
666,0.000971571
667,0.002331771
668,0.001748828
669,0.000777257
670,-0.000388628
671,0.001943142
672,0.000971571
673,0.001748828
674,0.001554514
675,0.000971571
676,0.002526085
677,0.003303342
678,0.001748828
679,0.001554514
680,0.003109027
681,0.001943142
682,0.003478224
683,0.002331771
684,0.001748828
685,0.001554514
686,0.001554514
687,0.001554514
688,0.002526085
689,0.001554514
690,0.001943142
691,0.000388628
692,0.001554514
693,0.000194314
694,-0.000388628
695,0.001554514
696,0.001554514
697,0.001360199
698,0.000777257
699,0.001554514
700,0.000777257
