wl,ex,wl,em,Data copyright Molecular Probes
400,0.318967571,520,1.271587065
401,0.317983473,521,1.457835785
402,0.283078742,522,1.60783974
403,0.302238645,523,1.790290367
404,0.311578529,524,1.977428881
405,0.297567648,525,2.263198267
406,0.286204621,526,2.598612765
407,0.295799826,527,2.995574771
408,0.293207642,528,3.474854858
409,0.287588271,529,4.116274971
410,0.294061251,530,4.823793757
411,0.261282821,531,5.761775873
412,0.282317577,532,6.884502153
413,0.274916783,533,8.276484715
414,0.305432151,534,9.76439687
415,0.3013363,535,11.74944323
416,0.289654844,536,13.98216796
417,0.305102876,537,16.5589104
418,0.312444226,538,19.76894948
419,0.3328891,539,23.07048341
420,0.346991994,540,26.6130555
421,0.346859528,541,30.70443087
422,0.37894464,542,35.32725726
423,0.375068187,543,39.91066485
424,0.386971697,544,44.91516118
425,0.405338048,545,49.77418017
426,0.41916564,546,54.77058384
427,0.434512158,547,59.85679384
428,0.457246439,548,65.20921167
429,0.484310848,549,70.54705776
430,0.529926666,550,75.45717512
431,0.539647599,551,80.23787413
432,0.583007184,552,84.35788686
433,0.602682429,553,88.16928603
434,0.638884871,554,91.85796829
435,0.676384341,555,94.38446926
436,0.73246017,556,96.54798544
437,0.75229341,557,98.45074091
438,0.78820825,558,99.46573889
439,0.857074341,559,100
440,0.878186863,560,99.60651289
441,0.924130453,561,99.30198314
442,0.966585845,562,98.28024532
443,1.054628565,563,96.81989845
444,1.08755975,564,95.12723701
445,1.158510167,565,93.17287683
446,1.215418623,566,90.7602749
447,1.311863331,567,87.97869968
448,1.396877943,568,84.98779467
449,1.465240997,569,81.90957284
450,1.52311954,570,78.86282016
451,1.643430717,571,75.44516502
452,1.721054347,572,72.52344572
453,1.871590828,573,69.14209502
454,2.020952883,574,66.23935827
455,2.138243772,575,63.20456007
456,2.241848998,576,60.00924401
457,2.434849377,577,57.51232527
458,2.636191407,578,54.72237032
459,2.892128165,579,52.02012289
460,3.111404091,580,49.85277808
461,3.496059814,581,47.73473703
462,3.807314165,582,45.82632915
463,4.102447054,583,43.86348125
464,4.417899612,584,41.98219714
465,4.65154615,585,40.34466687
466,5.04287929,586,39.00639386
467,5.323883901,587,37.60604037
468,5.584649011,588,36.49001991
469,5.984985567,589,35.38711993
470,6.199516527,590,34.49925938
471,6.562240291,591,33.30911982
472,6.924591486,592,32.62012495
473,7.10011808,593,31.70457792
474,7.521815298,594,31.22929612
475,7.870839694,595,30.73457573
476,8.176071462,596,30.28108252
477,8.523260062,597,29.87532738
478,8.926736684,598,29.63343909
479,9.401365411,599,29.12614766
480,9.97792624,600,28.56776929
481,10.45072311,601,28.03804406
482,10.90734744,602,27.75593369
483,11.69397425,603,27.29053764
484,12.38700279,604,26.92982262
485,13.32699779,605,26.44705249
486,14.21955345,606,26.2586118
487,15.19380002,607,25.8708448
488,16.12155271,608,25.23628494
489,17.32931022,609,24.59446566
490,18.51351801,610,23.84817807
491,19.72457338,611,23.33060223
492,21.03714034,612,22.62570371
493,22.4999383,613,21.92376298
494,24.08257567,614,21.51542671
495,25.54347332,615,20.87286702
496,26.83020276,616,20.35737704
497,28.24579031,617,19.86796916
498,29.73067361,618,19.21009417
499,30.91795653,619,18.52661518
500,32.15745714,620,18.05764116
501,33.21406964,621,17.41207277
502,33.92397502,622,16.83755381
503,34.5600412,623,16.30905275
504,35.09572266,624,15.54347819
505,35.53466624,625,14.95323578
506,36.01787872,626,14.45461425
507,36.27037198,627,13.86478334
508,36.28697275,628,13.29802705
509,36.41016724,629,12.78260219
510,36.55912348,630,12.45941866
511,36.85864903,631,11.98117176
512,36.98144711,632,11.54233611
513,37.32525991,633,10.91214512
514,37.6892382,634,10.53068188
515,38.57397086,635,9.938877227
516,38.9642865,636,9.66382561
517,40.24550476,637,9.319831231
518,41.38122299,638,9.00902762
519,42.60254948,639,8.601140557
520,43.87665952,640,8.301206541
521,45.78485746,641,7.996907892
522,48.01759038,642,7.687055245
523,50.35581795,643,7.440607828
524,53.03675984,644,7.248597783
525,56.10156971,645,7.048908642
526,59.29878631,646,6.614467112
527,62.58175103,647,6.522985137
528,66.4792561,648,6.201063877
529,70.25046859,649,5.93399707
530,73.8993361,650,5.822633054
531,77.89231527,651,5.67818306
532,81.58292784,652,5.530115262
533,85.95634091,653,5.309776085
534,88.97644788,654,5.134713793
535,92.39879002,655,5.033951043
536,94.86821504,656,4.919615701
537,97.08804074,657,4.79228831
538,98.61167562,658,4.677389018
539,99.72582402,659,4.610246353
540,100,660,4.533714023
541,99.71898378,661,4.474764893
542,98.07290981,662,4.320137026
543,96.06209374,663,4.304476787
544,93.53270456,664,4.303925953
545,90.42432842,665,4.121610312
546,86.74835555,666,4.078240257
547,82.54683204,667,3.968542389
548,77.94740115,668,3.913487892
549,73.10241913,669,3.850564833
550,67.77476867,670,3.760046956
551,62.57771704,671,3.730171776
552,57.43831598,672,3.667663982
553,52.54162759,673,3.5311564
554,47.44270675,674,3.433603902
555,42.61289277,675,3.306853159
556,38.22848815,676,3.303307758
557,34.05450588,677,3.225696592
558,29.70083102,678,3.125200045
559,25.6730001,679,3.05829132
560,22.52262611,680,2.958950318
561,19.65510922,681,2.859619989
562,16.96047455,682,2.830829843
563,14.67371374,683,2.86237871
564,12.57736744,684,2.74386184
565,10.7523904,685,2.61813415
566,9.229486726,686,2.544412946
567,7.770765032,687,2.490573928
568,6.627780132,688,2.342189272
569,5.597072905,689,2.305217643
570,4.66893005,690,2.217506777
571,3.843580305,691,2.116221082
572,3.28604939,692,2.101541286
573,2.829809298,693,2.021556653
574,2.468659001,694,1.979560489
575,2.075788095,695,1.862446903
576,1.868323704,696,1.917290827
577,1.662419556,697,1.858470713
578,1.441274369,698,1.829483843
579,1.307751011,699,1.661744644
580,1.158128089,700,1.60225931
581,0.973380808
582,0.875154962
583,0.800291534
584,0.735998402
585,0.670046372
586,0.63608939
587,0.576912851
588,0.546657664
589,0.545479694
590,0.509770361
