wl,ex,wl,em,"Data copyright Molecular Probes, Inc."
300,12.8773085,375,0.142228961,
301,12.65843254,376,0.15233763,
302,12.38481067,377,0.180111195,
303,12.20611761,378,0.205281779,
304,12.19256584,379,0.251427849,
305,12.18635374,380,0.318675764,
306,12.25768668,381,0.410159212,
307,12.37085342,382,0.503917109,
308,12.65600308,383,0.636593379,
309,12.87123812,384,0.784938084,
310,13.0674638,385,1.036391205,
311,13.32246218,386,1.390194592,
312,13.61852179,387,1.791256002,
313,13.83487959,388,2.303765479,
314,14.20052261,389,2.93404094,
315,14.55847625,390,3.651756381
316,14.97825626,391,4.538792014
317,15.51474616,392,5.653272681
318,16.01613006,393,6.916856204
319,16.56301829,394,8.572150619
320,17.10735391,395,10.42456406
321,17.64903277,396,12.62319939
322,18.20093465,397,14.97851908
323,18.95786938,398,17.63204448
324,19.68964512,399,20.54839525
325,20.50307467,400,23.78569623
326,21.37877002,401,27.26813242
327,22.3335639,402,30.80616629
328,23.40240425,403,34.54637352
329,24.62269088,404,38.51402578
330,25.77142101,405,42.30477635
331,27.07687128,406,46.14607026
332,28.53128651,407,50.26535254
333,29.9827258,408,54.13191812
334,31.68843985,409,58.09957038
335,33.21278169,410,61.68814759
336,35.13853181,411,65.04927976
337,36.88964129,412,68.13242355
338,38.75928899,413,71.089209
339,40.77248993,414,73.66691938
340,42.81193159,415,76.19408643
341,45.11227756,416,78.31690675
342,47.38905745,417,80.4144554
343,49.5641236,418,82.18347233
344,51.80665385,419,83.7503159
345,54.12878348,420,85.19080111
346,56.57982385,421,86.656558
347,59.34426823,422,88.09704321
348,61.64490221,423,89.25954006
349,64.19840767,424,90.32095021
350,66.63556812,425,91.58453374
351,69.19597365,426,92.79757392
352,71.3916795,427,93.83371241
353,73.92074101,428,94.79403589
354,76.1005859,429,95.88071772
355,78.32699694,430,96.84104119
356,80.37589917,431,97.80136467
357,82.25857789,432,98.43315643
358,84.40561013,433,99.16603487
359,86.34297768,434,99.82309831
360,87.94445332,435,99.92418499
361,89.65130776,436,99.97472833
362,91.60567759,437,100
363,92.94497489,438,99.82309831
364,94.61293469,439,99.51983826
365,96.24190594,440,98.78695982
366,97.53569811,441,98.25625474
367,98.56756524,442,97.32120293
368,98.9084599,443,96.33560778
369,100,444,95.40055598
370,99.88286969,445,94.18751579
371,99.93806562,446,92.94920394
372,99.58270468,447,91.68562042
373,98.93739702,448,90.19459186
374,98.07686242,449,88.57720495
375,96.93689357,450,87.26307809
376,95.93875475,451,85.67096285
377,94.75841874,452,84.07884761
378,93.53147877,453,82.61309073
379,92.01500577,454,81.04624716
380,90.55971342,455,79.63103361
381,88.51799272,456,77.96310336
382,86.89579953,457,76.39625979
383,85.18301611,458,74.75360121
384,83.46201951,459,73.1362143
385,81.65446559,460,71.56937074
386,79.59811412,461,69.90144049
387,77.69036814,462,68.4356836
388,75.67329732,463,67.04574172
389,72.88167177,464,65.25145312
390,70.49381073,465,63.58352287
391,67.51391953,466,61.96613596
392,64.63707549,467,60.39929239
393,61.44335864,468,58.8577205
394,58.0797031,469,57.06343189
395,54.51743753,470,55.57240334
396,50.8813787,471,54.20773313
397,46.93542407,472,52.59034622
398,42.81869295,473,51.17513268
399,38.8539802,474,49.75991913
400,35.09709486,475,48.21834723
401,31.18368337,476,46.85367703
402,27.45461131,477,45.48900682
403,24.02994282,478,44.50341168
404,20.76516478,479,43.13874147
405,17.96649875,480,41.97624463
406,15.32298572,481,40.94010614
407,12.94575849,482,39.80288097
408,10.84648582,483,38.79201415
409,9.09010675,484,37.73060399
410,7.488963192,485,36.77028052
411,6.140955677,486,36.14416405
412,5.089236292,487,35.46117771
413,4.189400998,488,34.85612619
414,3.403910684,489,34.36330973
415,2.770041097,490,33.34446327
416,2.271138095,491,32.04543738
417,1.857495143,492,31.34936825
418,1.492431136,493,30.90999455
419,1.219077221,494,30.44178168
420,0.94320036,495,30.01700554
421,0.771166492,496,29.61757088
422,0.656265042,497,29.12902183
423,0.563526554,498,28.73041181
424,0.483170666,499,28.32503141
425,0.411384013,500,27.88162233
426,0.340157794,501,27.33177704
427,0.296967626,502,27.00050189
428,0.25570392,503,26.57822996
429,0.212850822,504,26.14088243
430,0.19449731,505,25.73286542
431,0.173033236,506,25.42157479
432,0.146470842,507,25.1124013
433,0.131213534,508,24.81616193
434,0.123349153,509,24.59876249
435,0.109292417,510,24.38059241
436,0.099548124,511,24.16082542
437,0.088515331,512,23.82918373
438,0.082599733,513,23.55005653
439,0.076925259,514,23.42484671
440,0.074436054,515,23.29158035
441,0.070682502,516,23.08850102
442,0.066110999,517,22.92992176
443,0.065006883,518,22.88655694
444,0.06332395,519,22.83258379
445,0.064577203,520,22.78593751
446,0.062230504,521,22.55337686
447,0.058852653,522,22.34824229
448,0.061403487,523,22.11238627
449,0.058836896,524,21.99557389
450,0.065525329,525,21.9662013
,,526,21.9902562
,,527,21.87437844
,,528,21.685416
,,529,21.46939596
,,530,21.4043886
,,531,21.21987497
,,532,21.08464836
,,533,20.99581987
,,534,21.03428372
,,535,20.97049407
,,536,20.88708457
,,537,20.77344176
,,538,20.76106423
,,539,20.57251397
,,540,20.33637959
,,541,20.35118288
,,542,20.32607305
,,543,20.21117476
,,544,20.13615118
,,545,19.943763
,,546,19.57509956
,,547,19.53783036
,,548,19.32970772
,,549,19.14425074
,,550,19.09333811
,,551,19.02664843
,,552,18.90254418
,,553,18.6980664
,,554,18.3662242
,,555,18.34340235
,,556,18.28208349
,,557,18.09781334
,,558,18.07450987
,,559,17.95117818
,,560,17.76552813
,,561,17.65525466
,,562,17.45648257
,,563,17.32260951
,,564,17.30360421
,,565,17.22644147
,,566,17.22366937
,,567,17.0646782
,,568,16.81678285
,,569,16.6406132
,,570,16.56783375
,,571,16.45239599
,,572,16.32625163
,,573,16.26483726
,,574,16.14117331
,,575,16.07334634
,,576,15.90316082
,,577,15.80871008
,,578,15.56596019
,,579,15.4033297
,,580,15.30734186
,,581,15.13225059
,,582,15.07315315
,,583,14.90748594
,,584,14.72288515
,,585,14.5224605
,,586,14.43112
,,587,14.2331988
,,588,14.02183142
,,589,13.85371288
,,590,13.71611868
,,591,13.67174341
,,592,13.46671878
,,593,13.38105853
,,594,13.19349884
,,595,13.0690631
,,596,13.0253138
,,597,13.0002445
,,598,12.85352019
,,599,12.76831465
,,600,12.61969456
,,601,12.50495222
,,602,12.25660844
,,603,12.18145019
,,604,12.06863236
,,605,11.98539884
,,606,11.90594902
,,607,11.75556448
,,608,11.61215505
,,609,11.43068638
,,610,11.26853736
,,611,11.17598897
,,612,11.02692181
,,613,10.87754626
,,614,10.84392821
,,615,10.71587414
,,616,10.48427188
,,617,10.43822062
,,618,10.24210236
,,619,10.21361662
,,620,10.02595763
,,621,9.928118294
,,622,9.810893654
,,623,9.699447203
,,624,9.534695398
,,625,9.54614861
,,626,9.412487967
,,627,9.259483633
,,628,9.177348687
,,629,9.075152128
,,630,8.915375403
,,631,8.906881116
,,632,8.557333441
,,633,8.471083661
,,634,8.441718184
,,635,8.336184126
,,636,8.229197291
,,637,8.110635929
,,638,7.914973138
,,639,7.892522046
,,640,7.875666571
,,641,7.708288746
,,642,7.648413174
,,643,7.514925205
,,644,7.390593446
,,645,7.328933922
,,646,7.150998352
,,647,7.13796505
,,648,7.003640206
,,649,6.859435917
,,650,6.788296548
